0
0 0
TRACK_NUM        50 ADD_FLD    0   0 &
TRACK_ID  4
POINT_NUM  11
1 297.122040 19.406887 2.495688e+00 
2 296.246460 19.221724 2.656925e+00 
3 295.401398 19.058681 2.781545e+00 
4 293.930450 18.306646 2.841121e+00 
5 292.384857 17.749662 2.930612e+00 
6 290.714355 17.347622 2.882036e+00 
7 289.406738 17.619940 2.852604e+00 
8 287.866974 17.542671 2.851791e+00 
9 286.366638 17.705032 2.768248e+00 
10 284.792572 17.772228 2.413900e+00 
11 283.218079 17.413177 2.025406e+00 
TRACK_ID  6
POINT_NUM  16
1 327.580261 64.273857 6.226014e+00 
2 330.114044 65.185455 6.395302e+00 
3 333.696472 66.362228 6.135107e+00 
4 345.659882 70.279251 6.059519e+00 
5 351.191101 72.095787 6.840329e+00 
6 355.196899 73.527702 7.505816e+00 
7 359.753876 74.483887 7.697088e+00 
8 5.417130 75.374054 7.295732e+00 
9 13.893354 75.962379 6.695428e+00 
10 29.089500 75.988762 6.389413e+00 
11 42.690891 75.410286 6.282399e+00 
12 51.182804 74.577820 5.860073e+00 
13 60.318764 73.611969 5.265211e+00 
14 68.427498 72.776855 4.739441e+00 
15 70.292824 73.568573 4.307534e+00 
16 70.024223 73.996765 4.357025e+00 
TRACK_ID  10
POINT_NUM  34
1 268.409302 7.055203 2.322804e+00 
2 266.641907 7.197660 2.422000e+00 
3 264.802551 7.313765 2.513061e+00 
4 264.163788 7.366978 2.525346e+00 
5 262.327759 7.264091 2.605617e+00 
6 260.538483 7.100348 2.724421e+00 
7 260.454895 6.833414 2.648163e+00 
8 262.076630 6.407966 2.318955e+00 
9 262.582855 6.234168 2.126570e+00 
10 262.111328 6.145511 2.112106e+00 
11 261.679199 6.088129 2.106835e+00 
12 261.105804 5.908309 1.985131e+00 
13 260.671204 5.709762 1.901768e+00 
14 259.958221 5.558929 1.866760e+00 
15 258.925232 5.383612 1.909893e+00 
16 257.935822 5.174805 1.777337e+00 
17 256.799866 5.339852 1.590306e+00 
18 255.712234 6.026645 1.476666e+00 
19 255.105560 6.591476 1.540023e+00 
20 253.941010 6.771776 1.491143e+00 
21 252.421936 6.772226 1.491666e+00 
22 250.715866 6.860718 1.470268e+00 
23 249.029282 7.193317 1.479857e+00 
24 247.632996 7.478779 1.538510e+00 
25 246.929642 7.681417 1.609694e+00 
26 245.119385 8.010700 1.673675e+00 
27 243.067307 8.230887 1.824878e+00 
28 241.616211 8.262987 1.922569e+00 
29 239.843475 8.349373 1.989227e+00 
30 238.118011 8.516747 2.017133e+00 
31 236.457733 9.012037 1.988862e+00 
32 235.062439 9.165869 1.817702e+00 
33 233.557083 9.328200 1.540827e+00 
34 232.355942 9.816584 1.223973e+00 
TRACK_ID  14
POINT_NUM  35
1 287.942719 53.984322 7.451910e+00 
2 295.192657 56.885139 8.526305e+00 
3 300.419891 58.330200 1.020266e+01 
4 304.455933 59.343369 1.078383e+01 
5 307.521240 60.590855 1.007570e+01 
6 310.576416 61.549252 8.520510e+00 
7 316.511078 62.168583 7.119181e+00 
8 322.070648 62.706360 6.377170e+00 
9 323.256134 62.790855 6.025936e+00 
10 325.232056 62.828758 6.280650e+00 
11 327.437653 63.290352 6.301872e+00 
12 329.576141 64.156204 5.825930e+00 
13 331.071625 65.112267 4.715173e+00 
14 331.234100 65.515503 3.519898e+00 
15 332.718506 65.824562 2.408649e+00 
16 340.248169 65.632988 2.115604e+00 
17 344.700317 64.485115 3.516368e+00 
18 346.753113 66.492683 4.417830e+00 
19 350.877747 68.971718 4.768499e+00 
20 357.831390 71.697388 5.843111e+00 
21 5.551000 73.165443 7.192520e+00 
22 14.039995 73.966431 8.342319e+00 
23 21.797321 74.109001 8.585217e+00 
24 28.424177 73.463974 7.981297e+00 
25 34.633972 71.780258 6.759439e+00 
26 39.955601 69.316399 5.581376e+00 
27 42.526878 67.062546 4.561712e+00 
28 45.262001 64.833008 3.727274e+00 
29 46.548462 62.795422 3.185567e+00 
30 43.708500 60.272182 3.273115e+00 
31 44.199245 58.642933 3.880580e+00 
32 46.373714 57.742176 4.086290e+00 
33 48.819557 57.228558 3.706058e+00 
34 50.718025 56.722542 3.215691e+00 
35 50.711037 56.045589 2.733239e+00 
TRACK_ID  18
POINT_NUM  23
1 8.302024 42.005627 5.887065e+00 
2 10.118745 42.174969 5.853656e+00 
3 11.647430 42.349304 5.578071e+00 
4 11.842335 42.260708 5.040620e+00 
5 12.110605 42.198097 4.624409e+00 
6 11.607460 42.103031 4.124638e+00 
7 7.846015 40.796089 4.317634e+00 
8 6.693550 40.018986 4.535653e+00 
9 6.300999 38.759567 4.608234e+00 
10 8.441294 38.990524 4.266724e+00 
11 10.149562 39.102669 4.436048e+00 
12 12.560403 38.792973 4.452329e+00 
13 18.070889 39.401787 5.029935e+00 
14 21.280758 41.765106 5.795710e+00 
15 23.153582 44.417690 7.037206e+00 
16 23.201651 46.237991 7.668696e+00 
17 22.579229 47.747547 7.595890e+00 
18 21.787817 48.661251 6.743347e+00 
19 21.125160 48.902618 6.054883e+00 
20 20.606886 48.821449 5.569108e+00 
21 20.169981 48.687134 4.803408e+00 
22 20.007544 48.870625 4.037786e+00 
23 20.466827 49.036625 3.108621e+00 
TRACK_ID  20
POINT_NUM  11
1 30.770304 66.496361 4.843417e+00 
2 40.549942 66.501411 5.241680e+00 
3 50.363392 66.027740 5.521459e+00 
4 65.843063 65.160675 6.255544e+00 
5 73.392067 64.918030 7.403517e+00 
6 79.696602 64.880829 7.609059e+00 
7 84.989624 64.778542 7.019351e+00 
8 89.750740 64.081543 5.825968e+00 
9 95.366035 62.309029 5.045262e+00 
10 100.536781 61.589127 4.568579e+00 
11 102.884987 61.955212 4.350200e+00 
TRACK_ID  25
POINT_NUM  10
1 256.337585 48.807404 3.055027e+00 
2 260.685150 46.943966 4.126051e+00 
3 263.239563 47.576214 5.090105e+00 
4 266.337250 48.469509 5.677777e+00 
5 269.239014 49.565788 5.662987e+00 
6 273.262390 50.815639 5.627573e+00 
7 277.324127 52.008804 5.196162e+00 
8 281.179840 53.419094 4.458889e+00 
9 283.553345 54.798264 3.259595e+00 
10 285.781921 55.872982 2.360317e+00 
TRACK_ID  29
POINT_NUM  10
1 200.735718 42.678326 5.330149e+00 
2 206.288742 42.692715 5.212688e+00 
3 209.990051 42.648491 5.158291e+00 
4 213.685516 42.433907 4.661712e+00 
5 218.047729 41.756023 4.243690e+00 
6 223.145630 40.760124 4.063339e+00 
7 228.297333 39.839832 4.026766e+00 
8 232.139313 38.829559 3.962000e+00 
9 235.366135 37.981606 3.723073e+00 
10 238.905731 37.184650 3.276256e+00 
TRACK_ID  30
POINT_NUM  11
1 176.813538 58.136009 6.072215e+00 
2 175.544388 60.309597 7.228417e+00 
3 172.893814 61.847240 8.136039e+00 
4 170.108490 62.897282 8.563680e+00 
5 167.916855 63.921524 8.171574e+00 
6 166.043015 65.167328 7.222832e+00 
7 164.322952 66.659218 6.044805e+00 
8 163.013702 68.831276 5.310946e+00 
9 162.013214 70.781700 4.787098e+00 
10 160.472015 72.130341 4.334424e+00 
11 159.660477 72.447983 4.123855e+00 
TRACK_ID  36
POINT_NUM  24
1 94.920303 44.019184 2.271860e+00 
2 101.855881 44.795422 2.286475e+00 
3 107.492943 45.327309 3.258498e+00 
4 110.857063 44.873848 4.320792e+00 
5 114.951302 45.115059 5.269432e+00 
6 118.282593 45.842388 6.216997e+00 
7 120.506584 46.079327 7.166148e+00 
8 122.056381 46.326389 7.872233e+00 
9 123.694366 46.550488 8.035777e+00 
10 125.503593 46.701473 7.266765e+00 
11 128.694550 47.498135 6.448670e+00 
12 133.422287 48.548000 6.279567e+00 
13 137.591965 49.788597 7.034360e+00 
14 139.680328 51.002541 7.541220e+00 
15 138.714905 51.201763 7.686972e+00 
16 138.484695 51.050304 7.283617e+00 
17 138.484802 50.728912 6.947544e+00 
18 139.550247 50.210293 6.136992e+00 
19 141.825394 50.698696 5.571092e+00 
20 143.833420 52.453548 5.452769e+00 
21 144.479019 53.940899 5.842493e+00 
22 144.920700 55.418957 5.844765e+00 
23 144.562881 57.208176 5.359366e+00 
24 143.618652 58.780457 4.260852e+00 
TRACK_ID  39
POINT_NUM  40
1 104.258652 9.979027 4.349024e+00 
2 104.250526 9.614769 4.196967e+00 
3 104.372498 9.259333 4.150661e+00 
4 104.421013 8.979039 4.179815e+00 
5 104.504211 8.833955 4.161470e+00 
6 104.723167 8.693926 4.127638e+00 
7 104.763664 8.611693 4.137681e+00 
8 104.511337 8.415014 4.248293e+00 
9 104.408890 8.417790 4.535090e+00 
10 104.372299 8.507601 4.699825e+00 
11 104.205383 8.436686 4.765468e+00 
12 104.018265 8.582694 4.979252e+00 
13 103.828995 9.073432 5.336214e+00 
14 103.365936 9.344229 5.913569e+00 
15 102.343498 9.090430 6.403284e+00 
16 101.390648 8.786397 6.246212e+00 
17 100.802834 8.540323 5.503127e+00 
18 100.420357 8.316888 4.938248e+00 
19 99.899841 8.054298 4.692783e+00 
20 99.298225 8.001669 4.745795e+00 
21 98.572365 8.200184 4.800096e+00 
22 97.693939 8.322306 4.947134e+00 
23 96.613853 8.654930 5.190806e+00 
24 95.438377 9.019496 5.535968e+00 
25 94.048653 9.236540 5.709663e+00 
26 92.721260 9.404853 5.729995e+00 
27 91.301010 9.750309 5.817060e+00 
28 90.002861 10.124909 6.082700e+00 
29 88.896126 10.483622 6.231643e+00 
30 87.853333 10.821684 6.281853e+00 
31 87.054146 11.048116 6.301316e+00 
32 86.309837 11.052951 6.145675e+00 
33 85.358299 10.982749 5.883674e+00 
34 84.444954 10.676440 5.702775e+00 
35 83.530624 10.453019 5.619309e+00 
36 82.670723 10.159407 5.435584e+00 
37 82.055252 9.843328 5.238679e+00 
38 81.409355 9.596670 5.195533e+00 
39 80.874390 9.416390 5.214533e+00 
40 80.582726 9.328801 5.047303e+00 
TRACK_ID  40
POINT_NUM  15
1 154.120514 0.414227 4.616659e+00 
2 152.450363 0.412521 4.570826e+00 
3 151.671127 1.706231 4.033620e+00 
4 151.601913 1.807490 4.004621e+00 
5 150.616959 2.431014 3.874566e+00 
6 149.643265 3.356731 3.830521e+00 
7 148.312927 3.857931 3.902024e+00 
8 146.941086 3.963196 4.048498e+00 
9 146.201843 4.039082 4.075873e+00 
10 145.356598 4.119807 3.991904e+00 
11 144.435043 4.074881 3.853945e+00 
12 143.871521 4.198064 3.600391e+00 
13 143.176743 4.402761 3.269529e+00 
14 141.887451 4.511082 2.983622e+00 
15 139.745575 4.394590 2.791689e+00 
TRACK_ID  41
POINT_NUM  22
1 149.595398 43.721420 8.024817e+00 
2 152.889114 44.671143 9.282430e+00 
3 155.888443 45.522228 1.023490e+01 
4 158.836975 46.298187 1.056472e+01 
5 161.975296 47.278099 1.027405e+01 
6 164.666656 48.969311 9.484876e+00 
7 166.268860 51.381580 8.495268e+00 
8 167.278046 53.612213 7.323153e+00 
9 167.037811 58.600311 6.567233e+00 
10 166.405670 61.029072 6.382738e+00 
11 168.075485 61.956692 6.476645e+00 
12 169.234787 63.506630 6.725137e+00 
13 169.429398 69.772339 6.545743e+00 
14 167.503479 73.773216 7.573565e+00 
15 164.485275 76.529594 8.259234e+00 
16 162.072235 78.682335 8.429548e+00 
17 159.817200 80.144844 8.210511e+00 
18 158.206177 80.971634 7.966742e+00 
19 159.409271 81.460968 7.699036e+00 
20 163.813095 81.804657 7.113922e+00 
21 170.518997 82.245377 5.955716e+00 
22 173.735672 82.919586 4.397017e+00 
TRACK_ID  48
POINT_NUM  12
3 184.534103 30.284115 1.691425e+00 
4 187.099045 30.885157 2.414880e+00 
5 190.345184 32.150848 3.412426e+00 
6 192.435776 33.416618 4.466389e+00 
7 194.584961 34.853912 5.562012e+00 
8 196.519531 36.122742 5.883775e+00 
9 198.457291 37.137375 6.228865e+00 
10 199.867966 37.579994 6.258534e+00 
11 200.787048 37.687176 5.520358e+00 
12 200.729935 37.526539 4.137105e+00 
13 200.174881 37.573853 2.954183e+00 
14 200.300415 38.121540 1.679680e+00 
TRACK_ID  49
POINT_NUM  23
4 321.684479 31.134794 2.875898e+00 
5 321.861938 29.976078 2.993922e+00 
6 322.686920 29.160221 3.124480e+00 
7 322.969421 28.296993 3.288090e+00 
8 321.834198 26.421082 3.192935e+00 
9 321.937836 25.448177 3.039176e+00 
10 322.114136 24.969292 2.900677e+00 
11 322.216736 24.562143 2.702088e+00 
12 322.994598 24.347927 2.451805e+00 
13 324.223328 24.293879 2.231963e+00 
14 325.305389 24.051863 2.117349e+00 
15 326.197327 23.167496 2.081981e+00 
16 326.720032 21.897377 1.982603e+00 
17 327.154114 21.192663 2.014076e+00 
18 327.269104 20.925301 2.027784e+00 
19 327.353851 20.438046 2.067106e+00 
20 327.487061 19.986296 1.972674e+00 
21 327.659088 19.954960 1.677704e+00 
22 327.760590 19.887177 1.561972e+00 
23 327.109222 19.512463 1.498314e+00 
24 325.662994 19.387369 1.378767e+00 
25 323.738037 19.429155 1.213856e+00 
26 322.094147 19.091812 1.025270e+00 
TRACK_ID  55
POINT_NUM  37
4 51.762394 29.188101 1.525662e+00 
5 58.867050 30.639597 1.306413e+00 
6 61.988098 32.070065 1.744777e+00 
7 62.613510 32.219482 2.230486e+00 
8 63.314495 32.109253 1.699786e+00 
9 65.386444 34.939674 1.307710e+00 
10 66.162613 34.311302 1.707268e+00 
11 65.776474 32.094643 1.797413e+00 
12 65.672234 31.078970 1.403972e+00 
13 65.858261 33.195156 1.614285e+00 
14 66.783058 32.683228 2.415799e+00 
15 67.692535 32.155746 2.825428e+00 
16 67.270760 30.721411 2.953771e+00 
17 66.556290 30.425678 3.452286e+00 
18 67.258636 30.648458 4.569751e+00 
19 67.943176 30.303307 5.840169e+00 
20 68.529266 29.656183 6.698175e+00 
21 69.469688 29.501629 6.654804e+00 
22 70.730820 29.838913 6.510667e+00 
23 72.046898 30.224874 5.328790e+00 
24 72.239006 30.219337 4.267009e+00 
25 72.247765 29.681778 3.102720e+00 
26 72.590561 28.777567 2.404539e+00 
27 73.164970 28.697325 2.233953e+00 
28 73.972839 28.778339 2.067684e+00 
29 74.609047 28.888033 1.541361e+00 
30 75.651382 29.757374 1.509973e+00 
31 75.095284 30.123770 1.924458e+00 
32 74.350143 30.612553 2.148495e+00 
33 73.713417 31.559200 1.806427e+00 
34 73.078026 31.842005 1.630262e+00 
35 73.092514 31.126875 2.072246e+00 
36 73.591240 30.754416 2.111377e+00 
37 73.949104 31.071781 1.469055e+00 
38 74.659729 31.536156 1.365461e+00 
39 74.238792 31.194279 1.783840e+00 
40 73.237770 31.537148 1.958594e+00 
TRACK_ID  56
POINT_NUM  26
5 262.210083 37.782398 1.274509e+00 
6 264.894775 38.629414 2.663268e+00 
7 268.776337 40.091568 2.939430e+00 
8 273.901794 41.673370 2.771277e+00 
9 279.258087 43.126606 2.837358e+00 
10 284.275574 45.012711 3.426628e+00 
11 291.175751 46.392834 3.468701e+00 
12 296.558868 47.504204 4.905508e+00 
13 301.914856 48.989853 5.885916e+00 
14 308.532593 50.688347 7.049924e+00 
15 313.825470 52.021076 8.477304e+00 
16 317.860168 53.720104 9.603162e+00 
17 320.424164 54.785179 1.070177e+01 
18 322.014587 55.509087 1.127997e+01 
19 323.285858 56.082329 1.139871e+01 
20 324.072540 56.435425 1.105822e+01 
21 325.245117 56.581467 1.003425e+01 
22 326.800781 56.438362 8.516545e+00 
23 329.118774 56.623844 7.093477e+00 
24 331.315460 57.431633 5.577434e+00 
25 332.387085 59.560932 3.907066e+00 
26 332.795074 62.507114 3.381114e+00 
27 339.481384 66.924393 3.206864e+00 
28 342.326965 68.936310 3.572271e+00 
29 344.679260 71.510788 3.551077e+00 
30 347.172516 74.893654 3.400493e+00 
TRACK_ID  59
POINT_NUM  20
6 294.789917 77.849190 2.609087e+00 
7 294.701447 77.390656 5.022437e+00 
8 291.872101 77.674362 6.595406e+00 
9 288.930542 77.944145 7.087029e+00 
10 284.593018 77.925262 6.854750e+00 
11 278.707458 77.188507 6.596664e+00 
12 274.044830 76.336815 6.510976e+00 
13 270.827545 75.308464 6.321603e+00 
14 267.883331 73.993607 5.873377e+00 
15 265.537079 72.204803 5.295750e+00 
16 264.535645 68.895134 4.809421e+00 
17 265.458801 66.072090 4.502387e+00 
18 266.402618 64.196053 4.152971e+00 
19 265.728088 61.340164 3.736052e+00 
20 267.100983 59.944725 3.450903e+00 
21 269.017242 59.301849 3.160577e+00 
22 271.227692 59.287018 2.833278e+00 
23 272.463715 57.334862 2.332295e+00 
24 274.002930 54.886936 1.742934e+00 
25 276.220062 51.889038 1.421221e+00 
TRACK_ID  63
POINT_NUM  13
7 255.025208 7.239162 2.696280e+00 
8 252.722473 7.228182 2.592387e+00 
9 251.223434 7.208649 2.610279e+00 
10 250.335037 7.126933 2.655481e+00 
11 249.564209 7.032448 2.730786e+00 
12 248.297867 6.964472 2.639256e+00 
13 246.886520 6.754355 2.540595e+00 
14 245.226883 6.566485 2.459441e+00 
15 243.942337 6.545259 2.331963e+00 
16 242.491104 6.595517 1.951593e+00 
17 240.617676 6.616033 1.568335e+00 
18 238.648331 6.897008 1.335832e+00 
19 236.886337 7.841488 1.116249e+00 
TRACK_ID  67
POINT_NUM  28
7 203.987732 51.255230 2.798406e+00 
8 207.461227 51.483124 3.837916e+00 
9 211.064713 50.583534 4.856944e+00 
10 214.938370 49.234154 5.897866e+00 
11 218.785934 48.533432 6.659641e+00 
12 222.165375 48.638065 7.605762e+00 
13 224.305801 49.196331 8.594657e+00 
14 225.065857 49.638733 9.203688e+00 
15 224.427902 49.844498 9.283590e+00 
16 224.236282 49.352982 8.801415e+00 
17 224.479874 48.446663 8.303304e+00 
18 224.915115 46.747147 7.861365e+00 
19 225.501404 44.861782 7.524959e+00 
20 226.334747 43.456573 7.202809e+00 
21 227.312225 42.669930 6.951861e+00 
22 228.169205 42.491142 6.635854e+00 
23 228.418381 43.202953 6.369419e+00 
24 228.232925 44.084320 6.207598e+00 
25 227.351013 44.307186 5.826958e+00 
26 226.028717 43.576073 5.470111e+00 
27 225.324646 42.515617 5.444438e+00 
28 225.586609 42.298981 5.274329e+00 
29 225.533981 42.368000 4.853892e+00 
30 224.553833 42.254841 4.420148e+00 
31 225.012924 42.145176 4.371073e+00 
32 226.946228 42.450466 4.630875e+00 
33 228.991562 42.507023 4.574035e+00 
34 230.917404 42.836937 3.801233e+00 
TRACK_ID  70
POINT_NUM  19
8 238.345169 10.051785 1.475595e+00 
9 237.989166 10.053688 1.519191e+00 
10 237.357758 10.284762 1.639639e+00 
11 236.276459 10.609879 1.697935e+00 
12 235.315430 10.858324 1.673433e+00 
13 233.236069 10.666205 1.705233e+00 
14 232.533905 10.532223 1.667027e+00 
15 230.374496 10.255119 1.640265e+00 
16 229.810226 10.173626 1.679367e+00 
17 228.859497 9.849364 1.605032e+00 
18 227.158768 9.682560 1.505878e+00 
19 225.679306 10.099072 1.402775e+00 
20 224.897125 10.813457 1.257508e+00 
21 224.284378 11.642540 1.140040e+00 
22 224.067719 12.105874 1.121133e+00 
23 222.913422 12.126580 1.128756e+00 
24 221.170364 11.935441 1.202687e+00 
25 220.271271 12.149475 1.219138e+00 
26 220.037262 12.433228 1.097787e+00 
TRACK_ID  76
POINT_NUM  8
8 129.920181 28.513798 1.042082e+00 
9 131.819199 30.047695 2.007920e+00 
10 133.441498 29.864336 2.297854e+00 
11 135.030319 29.520639 2.086847e+00 
12 136.964966 29.344948 1.795995e+00 
13 139.156647 28.965647 2.002524e+00 
14 142.351456 30.242563 1.936239e+00 
15 146.451828 34.020592 3.007594e+00 
TRACK_ID  78
POINT_NUM  8
9 86.148964 70.247192 5.211621e+00 
10 86.448448 69.259056 4.891523e+00 
11 91.227615 65.781670 4.209183e+00 
12 98.283867 62.357040 4.392568e+00 
13 100.604485 60.688560 4.207666e+00 
14 103.726402 59.464638 3.242202e+00 
15 104.880363 59.603348 2.475039e+00 
16 105.739120 59.051445 1.542405e+00 
TRACK_ID  89
POINT_NUM  22
11 247.211746 34.790771 2.479409e+00 
12 252.481232 34.095928 2.613877e+00 
13 256.142426 34.110085 3.243424e+00 
14 261.347473 34.671204 3.955241e+00 
15 266.421448 35.320389 4.295233e+00 
16 272.527557 36.491440 4.501202e+00 
17 278.155487 37.850723 5.594864e+00 
18 283.928558 38.932121 7.533316e+00 
19 288.916382 40.589920 9.480689e+00 
20 293.365234 42.567024 1.106890e+01 
21 297.487183 44.952419 1.229908e+01 
22 300.487610 47.023438 1.287932e+01 
23 302.559509 48.651077 1.246138e+01 
24 304.812683 49.700104 1.108418e+01 
25 307.185638 50.629478 9.780864e+00 
26 309.599823 51.364803 8.754685e+00 
27 312.378418 52.043285 8.230529e+00 
28 315.286957 52.800297 7.350938e+00 
29 318.827637 53.960438 6.440567e+00 
30 322.870117 55.404160 5.786791e+00 
31 326.598938 57.278805 4.883788e+00 
32 329.128113 60.060364 3.813009e+00 
TRACK_ID  103
POINT_NUM  24
15 346.192810 47.776779 5.554575e+00 
16 348.809479 47.431538 5.980273e+00 
17 351.100464 46.897278 5.930953e+00 
18 353.242798 46.077450 5.242100e+00 
19 356.749054 44.019554 4.708260e+00 
20 0.315106 41.155464 4.897934e+00 
21 2.879716 40.269932 5.799456e+00 
22 4.866322 40.084175 6.161276e+00 
23 6.948637 39.630505 6.055935e+00 
24 9.818324 39.165707 5.627288e+00 
25 12.413687 39.290985 5.093474e+00 
26 15.580631 40.747597 4.582431e+00 
27 18.801844 42.755840 4.125085e+00 
28 22.489014 44.724876 4.217785e+00 
29 24.490627 45.806480 4.347394e+00 
30 26.335405 47.096348 4.267548e+00 
31 27.532461 48.036892 4.097038e+00 
32 28.610210 49.130257 4.035736e+00 
33 29.465418 50.987534 4.344297e+00 
34 30.488506 52.077831 4.949342e+00 
35 30.561613 52.679787 5.145527e+00 
36 30.870958 53.092728 4.921418e+00 
37 31.779465 53.706261 4.124655e+00 
38 32.869652 54.269562 3.108363e+00 
TRACK_ID  106
POINT_NUM  11
16 42.343765 72.501472 5.165795e+00 
17 53.007660 70.962334 5.733507e+00 
18 63.365574 70.045303 6.095401e+00 
19 70.683258 70.967125 6.403903e+00 
20 72.829765 71.161797 6.896126e+00 
21 73.069916 70.107689 7.123306e+00 
22 73.918373 68.078568 6.804963e+00 
23 74.516090 66.033569 6.260579e+00 
24 75.656639 64.095650 5.235187e+00 
25 77.876968 62.371891 4.261173e+00 
26 80.051743 60.641060 3.422987e+00 
TRACK_ID  109
POINT_NUM  25
16 156.479843 49.600060 4.995922e+00 
17 157.873795 53.301842 6.670287e+00 
18 158.329605 56.570164 7.674885e+00 
19 158.085739 59.736965 7.664352e+00 
20 156.976471 62.737373 6.207995e+00 
21 157.106720 66.077591 4.674751e+00 
22 158.647064 68.566765 4.404778e+00 
23 159.875259 70.502380 4.229822e+00 
24 159.472061 72.459999 4.002247e+00 
25 159.270157 74.509254 3.644430e+00 
26 162.069702 77.211090 3.722552e+00 
27 163.547546 78.699188 4.274126e+00 
28 168.302856 79.734718 4.722802e+00 
29 178.533279 81.163109 4.578740e+00 
30 189.895203 81.760506 4.169360e+00 
31 196.609665 81.345108 4.169174e+00 
32 199.600266 80.854805 4.145063e+00 
33 196.028305 80.751503 4.147402e+00 
34 191.711533 80.365349 4.187770e+00 
35 190.726700 79.780602 4.295453e+00 
36 194.288986 78.861290 4.257749e+00 
37 201.089813 77.517250 4.152555e+00 
38 205.151642 76.442421 4.049635e+00 
39 208.898834 75.363663 3.831038e+00 
40 214.297058 74.313087 3.551972e+00 
TRACK_ID  114
POINT_NUM  23
18 249.912766 46.232052 3.276228e+00 
19 252.240311 46.203709 3.735121e+00 
20 256.477692 45.633213 3.607827e+00 
21 261.853058 43.956287 3.845191e+00 
22 264.287903 43.129787 3.776404e+00 
23 267.903290 43.026875 3.449734e+00 
24 272.315796 43.137974 3.280910e+00 
25 277.318359 43.029404 3.347353e+00 
26 282.073486 42.691067 4.155605e+00 
27 286.901794 42.115387 4.511154e+00 
28 291.833435 41.810226 4.765837e+00 
29 297.568268 42.376408 5.165112e+00 
30 303.738068 43.848198 5.521804e+00 
31 309.940460 46.293823 6.195281e+00 
32 315.565887 48.631313 6.500563e+00 
33 320.442322 51.069954 6.355580e+00 
34 325.150574 53.273857 6.577003e+00 
35 329.915833 55.459702 7.271795e+00 
36 334.316376 57.511990 8.317494e+00 
37 337.472839 59.391609 9.278447e+00 
38 338.132660 61.392845 9.374813e+00 
39 337.493896 63.038124 8.942673e+00 
40 337.444122 64.737816 8.509770e+00 
TRACK_ID  118
POINT_NUM  19
19 38.749577 47.149406 2.158697e+00 
20 40.742062 46.793900 2.806442e+00 
21 40.101887 47.213192 3.647769e+00 
22 39.973488 47.227066 4.375788e+00 
23 40.836342 47.091984 4.200388e+00 
24 44.332802 46.378845 3.864631e+00 
25 47.463757 45.417015 3.797891e+00 
26 52.087658 42.722580 3.788261e+00 
27 54.206429 41.442993 4.122341e+00 
28 55.032383 41.446064 4.144556e+00 
29 56.660667 41.201981 4.008738e+00 
30 59.348270 40.842197 3.935738e+00 
31 61.001293 41.062492 4.139721e+00 
32 62.228882 41.450378 4.168017e+00 
33 63.493660 42.072960 3.757612e+00 
34 65.190819 42.760933 3.311167e+00 
35 66.856651 43.557289 2.906420e+00 
36 69.520126 45.003651 2.298249e+00 
37 72.865639 46.539093 1.897168e+00 
TRACK_ID  121
POINT_NUM  9
19 161.383957 35.696533 2.849561e+00 
20 163.961304 35.320023 2.312060e+00 
21 165.868256 34.369831 2.059679e+00 
22 168.253235 34.166306 2.411324e+00 
23 169.348068 32.998589 2.876247e+00 
24 169.957443 31.060238 2.744277e+00 
25 170.946060 28.527693 2.401227e+00 
26 171.711868 26.506748 1.743232e+00 
27 174.138519 25.313866 1.325445e+00 
TRACK_ID  127
POINT_NUM  21
20 333.645020 44.792881 2.746733e+00 
21 336.895508 44.236416 3.512054e+00 
22 340.686768 43.973236 4.127416e+00 
23 344.406311 43.908730 4.691194e+00 
24 347.599121 44.081909 4.751872e+00 
25 350.440369 44.159603 4.506432e+00 
26 353.057068 42.633461 4.287621e+00 
27 356.444061 40.305519 4.520410e+00 
28 358.978760 38.840534 5.288195e+00 
29 0.682637 38.172707 5.886614e+00 
30 1.838676 37.644920 5.987250e+00 
31 3.206702 36.817871 6.045672e+00 
32 5.354475 35.689289 5.427139e+00 
33 7.469536 35.272499 4.781896e+00 
34 10.537601 36.328098 4.464244e+00 
35 13.106547 36.649784 4.425757e+00 
36 15.486254 37.804478 4.449444e+00 
37 17.471012 38.987381 4.488803e+00 
38 19.053596 40.035660 4.310235e+00 
39 21.315235 41.987583 4.164999e+00 
40 23.236553 44.126076 4.118339e+00 
TRACK_ID  129
POINT_NUM  15
20 183.900879 51.241997 1.874687e+00 
21 182.743469 52.843037 2.398572e+00 
22 182.735764 54.633453 3.046449e+00 
23 182.824600 56.682915 3.514168e+00 
24 183.629562 60.117313 3.762517e+00 
25 185.242279 63.997852 4.272965e+00 
26 189.063812 66.874565 5.203669e+00 
27 197.946671 69.016083 5.518154e+00 
28 212.819290 70.126022 5.833620e+00 
29 223.790573 69.130081 5.678861e+00 
30 231.489929 67.806747 4.723142e+00 
31 237.967453 65.498505 3.392420e+00 
32 243.747253 61.500996 2.824729e+00 
33 246.801315 59.678570 2.469934e+00 
34 249.716110 58.386467 2.062578e+00 
TRACK_ID  130
POINT_NUM  13
20 235.109985 79.524399 4.242864e+00 
21 245.817505 78.696701 4.967820e+00 
22 248.417023 78.675873 5.366489e+00 
23 247.547867 78.375160 5.417479e+00 
24 250.228653 76.833000 4.928329e+00 
25 257.128357 71.760117 4.390790e+00 
26 260.332855 69.295242 3.960265e+00 
27 261.710358 66.528740 3.365393e+00 
28 264.405457 63.352100 3.125296e+00 
29 266.884979 61.650547 3.188604e+00 
30 268.812805 60.832088 3.120192e+00 
31 270.569153 60.218933 2.774757e+00 
32 272.448242 59.116024 2.325264e+00 
TRACK_ID  132
POINT_NUM  12
21 137.601532 40.067738 3.705682e+00 
22 142.293716 41.778042 4.946658e+00 
23 147.696442 45.111721 6.011255e+00 
24 150.919205 48.426292 7.351314e+00 
25 153.015396 51.904110 7.932331e+00 
26 154.219269 55.559208 8.306096e+00 
27 154.492432 59.308182 8.064717e+00 
28 155.058167 62.779442 6.930727e+00 
29 158.765778 67.310471 5.589598e+00 
30 165.562637 70.918938 5.182814e+00 
31 171.612366 72.719109 4.093881e+00 
32 178.654709 74.094521 3.282715e+00 
TRACK_ID  148
POINT_NUM  16
25 264.327576 7.247239 1.732802e+00 
26 263.737091 7.127971 1.756074e+00 
27 262.336639 7.117837 1.739935e+00 
28 261.234009 7.173148 1.661941e+00 
29 260.837769 7.205965 1.633835e+00 
30 260.202362 7.178680 1.667995e+00 
31 258.962311 7.083860 1.700209e+00 
32 257.512177 7.030765 1.665348e+00 
33 256.316132 6.876040 1.668462e+00 
34 255.134995 6.805593 1.654788e+00 
35 253.420288 6.736799 1.712286e+00 
36 251.859528 6.712885 1.674579e+00 
37 249.863266 6.852450 1.642263e+00 
38 248.160904 6.986032 1.536663e+00 
39 246.581543 7.182891 1.473201e+00 
40 245.532257 7.506247 1.406333e+00 
TRACK_ID  155
POINT_NUM  14
27 248.304916 47.115967 2.734762e+00 
28 254.621323 47.074368 3.600689e+00 
29 260.457794 46.397270 4.969202e+00 
30 264.585114 45.745216 5.684661e+00 
31 269.417542 45.568886 5.932191e+00 
32 274.556885 45.494442 6.211386e+00 
33 279.477905 45.694050 6.038701e+00 
34 284.574402 46.467587 5.597204e+00 
35 290.194855 47.016922 5.533889e+00 
36 295.764496 48.071522 5.923773e+00 
37 300.309387 50.288086 6.647077e+00 
38 303.839233 52.969498 6.954515e+00 
39 306.322632 55.368420 7.642694e+00 
40 307.822021 56.971130 8.191671e+00 
TRACK_ID  158
POINT_NUM  14
27 113.768837 6.537144 4.137356e+00 
28 112.455032 6.162464 4.406175e+00 
29 110.732399 5.609240 4.454967e+00 
30 109.651939 5.135527 4.713377e+00 
31 108.932190 5.244695 4.828024e+00 
32 108.310944 5.539649 4.778039e+00 
33 107.677689 6.018776 4.641347e+00 
34 107.151451 6.179778 4.725080e+00 
35 106.363190 6.243814 4.749101e+00 
36 105.073387 6.273294 4.625030e+00 
37 103.448875 6.306914 4.390060e+00 
38 102.164017 6.310328 4.335003e+00 
39 100.751633 6.242002 4.453609e+00 
40 99.570091 5.883380 4.534787e+00 
TRACK_ID  161
POINT_NUM  13
28 330.165619 81.709656 2.117210e+00 
29 334.434296 82.329292 3.215637e+00 
30 340.108673 82.463127 3.653150e+00 
31 347.963196 81.652519 4.731660e+00 
32 359.209412 83.014442 5.577214e+00 
33 20.793489 84.125206 5.515185e+00 
34 48.372776 83.946480 5.560780e+00 
35 65.004105 83.250877 6.153789e+00 
36 75.478424 81.892136 6.871228e+00 
37 81.554955 79.915588 7.264093e+00 
38 84.142532 76.928780 7.334837e+00 
39 85.207375 73.633774 7.391245e+00 
40 85.917969 71.126663 6.867226e+00 
TRACK_ID  165
POINT_NUM  13
28 156.321655 2.369593 3.078371e+00 
29 157.467987 2.261349 3.063820e+00 
30 157.672668 2.194107 3.117394e+00 
31 159.160599 2.142680 3.149429e+00 
32 160.181946 2.131279 3.167760e+00 
33 161.767670 1.895789 3.201779e+00 
34 162.914001 2.026473 3.150728e+00 
35 164.331879 1.743851 3.129551e+00 
36 166.155106 0.865740 3.170918e+00 
37 166.219025 0.831080 3.236517e+00 
38 168.315842 1.340264 3.023478e+00 
39 169.903412 1.597625 3.044987e+00 
40 170.615463 1.879041 3.085382e+00 
TRACK_ID  175
POINT_NUM  9
30 218.082306 58.680580 3.094815e+00 
31 219.738846 55.221130 4.431036e+00 
32 220.396851 52.850815 4.737905e+00 
33 223.527176 52.375183 3.919491e+00 
34 225.577835 51.835953 3.727597e+00 
35 226.102524 50.445034 3.663827e+00 
36 227.246307 48.966961 3.260790e+00 
37 230.225525 48.374641 2.736883e+00 
38 232.045486 48.379173 1.980109e+00 
TRACK_ID  178
POINT_NUM  8
30 115.256233 50.345997 2.478778e+00 
31 119.440048 50.435493 3.621597e+00 
32 123.182274 51.036072 4.220674e+00 
33 126.444160 51.987324 4.196634e+00 
34 130.492386 54.499008 3.352163e+00 
35 136.013840 57.331474 3.321644e+00 
36 139.433945 58.387009 2.910245e+00 
37 142.949005 59.562401 1.815188e+00 
TRACK_ID  180
POINT_NUM  11
30 64.114090 0.407850 1.461469e+00 
31 62.428905 0.374416 1.535968e+00 
32 61.312637 0.624453 1.540158e+00 
33 59.696205 0.606816 1.714673e+00 
34 58.015850 0.455281 1.788517e+00 
35 56.887768 0.622809 1.777411e+00 
36 55.293346 0.469911 1.875138e+00 
37 55.284721 0.473630 2.024206e+00 
38 54.149689 0.594134 1.992938e+00 
39 52.570328 0.367862 1.989695e+00 
40 51.437263 0.412525 1.897319e+00 
TRACK_ID  189
POINT_NUM  9
32 338.083069 65.287933 3.071804e+00 
33 338.193939 66.711792 3.295845e+00 
34 338.366333 67.717972 3.381598e+00 
35 340.601807 68.741028 3.204176e+00 
36 343.653442 70.860870 2.816015e+00 
37 345.670776 75.816093 2.862773e+00 
38 346.364410 79.337715 4.478619e+00 
39 352.883545 81.332130 5.466585e+00 
40 3.880170 82.989189 5.669692e+00 
TRACK_ID  190
POINT_NUM  8
32 145.479065 65.119881 1.869905e+00 
33 149.983734 65.994751 2.365049e+00 
34 153.641037 66.466286 2.635795e+00 
35 158.065384 67.176392 2.399036e+00 
36 164.953384 67.555794 1.936565e+00 
37 175.936371 66.859444 1.566389e+00 
38 184.427811 65.936592 1.657813e+00 
39 190.437851 64.670509 1.495857e+00 
TRACK_ID  194
POINT_NUM  8
33 345.890137 24.992773 1.261615e+00 
34 344.272125 23.299379 1.556490e+00 
35 342.591370 22.665354 1.783459e+00 
36 340.754181 22.322268 1.960217e+00 
37 338.939636 21.458359 1.994117e+00 
38 335.992432 20.050501 2.044516e+00 
39 334.210815 19.338921 2.122577e+00 
40 332.247711 18.425455 2.172347e+00 
TRACK_ID  196
POINT_NUM  8
33 216.055344 46.304104 4.483021e+00 
34 215.681839 42.609451 5.419827e+00 
35 216.806564 39.962326 5.703040e+00 
36 219.322495 37.879635 5.574960e+00 
37 222.499985 37.226540 5.405654e+00 
38 225.485641 37.413506 5.314807e+00 
39 228.090530 38.085938 5.450761e+00 
40 230.213165 38.918060 5.701318e+00 
TRACK_ID  197
POINT_NUM  8
33 195.120819 27.786388 3.913677e+00 
34 195.828247 27.181389 4.558005e+00 
35 195.803268 27.643600 5.137168e+00 
36 194.618088 29.135899 5.596368e+00 
37 191.210083 31.002604 6.277441e+00 
38 188.779404 32.106968 6.289657e+00 
39 186.381104 32.707565 4.922133e+00 
40 184.073898 32.653843 3.768196e+00 
TRACK_ID  229
POINT_NUM  13
28 105.890076 36.648533 2.759894e+00 
29 108.813705 36.113594 2.569947e+00 
30 112.158501 35.786091 2.999444e+00 
31 115.344337 35.620914 3.773429e+00 
32 117.613884 36.770618 4.645738e+00 
33 120.249916 38.076462 5.591596e+00 
34 122.895569 39.272232 6.551220e+00 
35 125.721184 40.573078 7.311979e+00 
36 127.935188 42.452084 7.705707e+00 
37 128.652222 44.409973 8.159878e+00 
38 128.414719 46.178028 8.113002e+00 
39 127.887383 47.350525 7.666726e+00 
40 127.749641 47.539631 6.643284e+00 
TRACK_ID  230
POINT_NUM  8
33 119.936440 65.208168 1.964667e+00 
34 121.510780 65.672470 1.998929e+00 
35 124.220848 66.766426 1.909136e+00 
36 129.149704 68.226250 1.918774e+00 
37 145.241348 67.823341 2.346803e+00 
38 151.811523 68.117767 2.973520e+00 
39 157.206207 68.968483 2.813703e+00 
40 168.097946 69.280884 2.164130e+00 
TRACK_ID  236
POINT_NUM  15
1 323.764282 35.469826 3.412600e+00 
2 327.267456 36.799591 4.222018e+00 
3 329.265137 37.062855 5.069919e+00 
4 330.657166 37.386978 5.780854e+00 
5 331.475739 37.935081 6.497065e+00 
6 331.734375 38.429253 6.556278e+00 
7 331.863434 38.950882 6.212943e+00 
8 332.570526 39.338902 5.715817e+00 
9 333.764313 39.959103 5.569533e+00 
10 334.865082 41.622486 5.515096e+00 
11 336.132843 45.795418 5.739269e+00 
12 338.396179 48.709412 6.360901e+00 
13 340.417206 50.748268 6.719223e+00 
14 342.077301 52.542381 6.691367e+00 
15 343.674072 54.126095 6.055111e+00 
