0
0 0
TRACK_NUM        52 ADD_FLD    0   0 &
TRACK_ID  4
POINT_NUM  15
1 310.532288 53.289539 3.111213e+00 
2 315.879852 53.282394 4.096546e+00 
3 320.355194 53.697887 4.589939e+00 
4 324.944214 54.915863 4.451297e+00 
5 331.222137 57.076099 3.704916e+00 
6 338.770752 59.813576 3.614669e+00 
7 344.753326 61.543392 3.524167e+00 
8 350.383087 62.713615 3.386536e+00 
9 0.181582 62.671986 3.265939e+00 
10 6.791670 61.796093 4.207478e+00 
11 8.681746 61.748676 4.734309e+00 
12 10.808283 61.619576 4.791840e+00 
13 14.018245 62.339447 4.546899e+00 
14 18.899265 63.435863 4.239317e+00 
15 21.031143 63.906322 3.821909e+00 
TRACK_ID  5
POINT_NUM  35
1 306.901031 63.284966 2.824937e+00 
2 309.482147 65.050087 3.980310e+00 
3 311.521820 66.748268 4.452640e+00 
4 315.108734 69.950256 4.085297e+00 
5 320.763214 71.370026 4.296379e+00 
6 323.202118 70.809868 5.332305e+00 
7 323.995758 71.727432 5.702806e+00 
8 323.820374 72.279106 5.362785e+00 
9 323.588928 72.674469 4.937699e+00 
10 322.728088 73.111038 4.466608e+00 
11 320.834290 73.141212 4.293902e+00 
12 319.723846 73.652435 4.401766e+00 
13 319.575500 74.257774 4.466622e+00 
14 320.204620 74.581200 4.372840e+00 
15 321.967957 74.401825 3.881031e+00 
16 324.193542 73.218102 3.476854e+00 
17 324.541687 71.843880 3.635981e+00 
18 323.346985 69.734039 4.069864e+00 
19 324.172180 67.426857 4.638973e+00 
20 325.735565 67.959785 4.514718e+00 
21 325.188507 69.882355 4.375803e+00 
22 323.863586 71.615448 4.478202e+00 
23 324.064972 72.769402 4.597130e+00 
24 323.911346 73.793907 4.277257e+00 
25 323.612183 74.390381 3.452070e+00 
26 322.088715 73.541489 2.565080e+00 
27 320.860413 72.027199 2.576342e+00 
28 320.823700 72.178574 2.983664e+00 
29 320.523438 72.844604 3.206144e+00 
30 320.927979 73.183006 3.317990e+00 
31 322.050690 73.768326 3.561747e+00 
32 322.405457 75.047226 3.917467e+00 
33 323.151489 76.000610 4.141511e+00 
34 323.296539 76.768539 3.923338e+00 
35 322.845154 76.520599 2.867217e+00 
TRACK_ID  7
POINT_NUM  16
1 337.466003 47.811794 4.419717e+00 
2 339.622223 47.847843 4.400517e+00 
3 341.224091 47.021927 4.420827e+00 
4 341.343719 45.455486 4.558512e+00 
5 341.777710 45.201950 4.772871e+00 
6 342.258636 45.096714 4.798846e+00 
7 343.151703 45.068027 4.636895e+00 
8 344.168182 45.077290 4.358900e+00 
9 345.857452 43.910751 4.208365e+00 
10 346.037537 47.801643 4.031354e+00 
11 348.311432 49.755974 3.981472e+00 
12 350.494110 50.974281 3.914744e+00 
13 352.453308 52.294052 3.537525e+00 
14 355.515747 56.143658 3.467245e+00 
15 358.178955 57.626064 3.934347e+00 
16 359.124176 58.141174 4.044779e+00 
TRACK_ID  10
POINT_NUM  20
1 25.796795 31.601994 2.044978e+00 
2 27.442673 32.038483 2.234922e+00 
3 30.584209 36.607430 2.514544e+00 
4 32.430683 37.120655 2.803243e+00 
5 33.738914 37.240383 2.887871e+00 
6 34.647148 37.217342 2.880193e+00 
7 35.352665 37.009613 2.930444e+00 
8 35.191742 37.415020 2.818437e+00 
9 35.072525 38.378647 2.930017e+00 
10 35.754208 38.699268 2.850644e+00 
11 37.202103 38.846436 2.995503e+00 
12 37.544025 39.009399 2.952928e+00 
13 35.278038 38.817966 2.827768e+00 
14 35.624329 39.728012 2.612540e+00 
15 38.171799 39.890816 2.701600e+00 
16 40.920952 39.239155 2.560010e+00 
17 42.291504 38.215508 2.352467e+00 
18 43.107368 38.126068 2.081910e+00 
19 43.863251 38.417767 1.619485e+00 
20 44.170208 38.747898 1.185141e+00 
TRACK_ID  11
POINT_NUM  10
1 16.188833 73.296387 3.857071e+00 
2 16.881544 71.930901 4.182311e+00 
3 19.318563 71.312103 4.402155e+00 
4 24.183973 71.171394 4.446983e+00 
5 29.662958 70.302872 4.479413e+00 
6 37.579453 69.363449 4.764468e+00 
7 45.942413 68.379089 5.268576e+00 
8 51.835213 67.299850 5.395555e+00 
9 54.754078 66.780121 5.179715e+00 
10 59.167377 66.238548 4.710520e+00 
TRACK_ID  14
POINT_NUM  9
1 73.346336 64.034103 3.063789e+00 
2 78.102379 63.392937 3.124673e+00 
3 82.450401 63.102802 3.150210e+00 
4 87.267639 63.238293 3.457320e+00 
5 92.717674 63.677322 3.714404e+00 
6 98.303192 64.236061 3.247797e+00 
7 103.564590 65.565758 2.401614e+00 
8 108.618057 67.204346 1.515739e+00 
9 114.491592 70.242577 1.113530e+00 
TRACK_ID  17
POINT_NUM  40
1 259.281891 16.290794 1.661522e+00 
2 259.562469 16.897741 2.094945e+00 
3 259.500397 16.371853 2.690958e+00 
4 259.040894 16.118004 3.061361e+00 
5 258.385101 15.966308 2.850472e+00 
6 258.010742 15.724346 2.497964e+00 
7 258.591156 15.402796 2.384326e+00 
8 258.696198 15.134340 2.323953e+00 
9 258.324524 14.991777 1.850210e+00 
10 257.901154 15.004443 1.351955e+00 
11 260.329254 15.387794 1.338116e+00 
12 261.264374 15.342877 1.568059e+00 
13 261.389832 15.009356 1.451705e+00 
14 261.189789 14.797181 1.451914e+00 
15 260.135315 14.611341 1.698574e+00 
16 259.398254 14.627031 1.958521e+00 
17 258.521027 14.641087 1.793608e+00 
18 257.881012 14.737201 1.432264e+00 
19 259.730682 15.181294 1.447200e+00 
20 259.623993 15.834483 1.808516e+00 
21 259.269257 16.088131 1.570973e+00 
22 259.925323 16.130171 1.452793e+00 
23 259.441315 15.731118 1.878523e+00 
24 258.655334 15.774386 2.144574e+00 
25 258.182312 15.578229 1.839936e+00 
26 259.901886 15.748549 1.607265e+00 
27 260.398407 15.684610 1.994942e+00 
28 260.097717 15.703643 2.228415e+00 
29 260.073273 15.963873 2.060523e+00 
30 260.527985 16.147224 1.969810e+00 
31 260.420105 15.782619 2.120719e+00 
32 259.589661 15.485098 2.077679e+00 
33 256.593475 14.817262 1.641077e+00 
34 254.700699 14.684001 1.420243e+00 
35 253.995010 14.638868 1.318593e+00 
36 252.608231 14.609932 1.345378e+00 
37 250.851746 14.397303 1.275150e+00 
38 248.642822 14.243551 1.163514e+00 
39 246.430267 14.517718 1.168344e+00 
40 244.653458 14.743989 1.231875e+00 
TRACK_ID  19
POINT_NUM  10
1 253.722961 36.244709 2.705083e+00 
2 258.214935 31.007666 2.957566e+00 
3 260.077179 30.039572 2.524320e+00 
4 261.746307 29.853292 2.690299e+00 
5 262.858246 29.021095 2.261516e+00 
6 266.168823 28.057161 1.885085e+00 
7 268.131500 27.982817 2.014399e+00 
8 269.199371 27.742184 2.020372e+00 
9 268.898895 26.931492 1.664610e+00 
10 269.833191 26.984392 1.458479e+00 
TRACK_ID  23
POINT_NUM  12
1 271.152496 55.151962 3.577658e+00 
2 274.319183 54.886620 3.420538e+00 
3 280.564209 55.511265 3.277994e+00 
4 287.550812 54.938404 3.985015e+00 
5 292.986969 54.392639 4.574007e+00 
6 295.386383 54.022129 3.950821e+00 
7 296.919281 52.558472 3.250056e+00 
8 303.629517 51.152496 2.356066e+00 
9 313.721313 51.462460 2.360635e+00 
10 320.637329 52.028900 2.674539e+00 
11 324.489594 52.851318 2.909061e+00 
12 326.352020 53.562248 2.871445e+00 
TRACK_ID  24
POINT_NUM  20
1 256.155090 73.120758 2.667728e+00 
2 254.714188 72.087807 2.639093e+00 
3 254.100555 71.103897 2.516650e+00 
4 254.052322 69.993820 2.485864e+00 
5 254.815048 68.539429 2.406045e+00 
6 256.487152 66.995697 2.421890e+00 
7 258.418121 65.319794 2.253564e+00 
8 260.938141 63.206337 2.003125e+00 
9 266.482697 60.173000 2.056250e+00 
10 269.219971 59.213482 2.196385e+00 
11 272.242126 58.404018 2.195506e+00 
12 275.985168 57.786583 2.042671e+00 
13 280.671387 57.419022 1.997605e+00 
14 285.852509 56.843311 2.202781e+00 
15 290.213776 56.390976 2.615299e+00 
16 294.945465 56.153130 2.815860e+00 
17 299.531006 55.735229 2.683872e+00 
18 303.160126 54.881851 2.668451e+00 
19 308.972626 50.441227 2.791050e+00 
20 310.657166 49.314354 3.548727e+00 
TRACK_ID  26
POINT_NUM  16
1 240.520813 2.090214 1.226828e+00 
2 238.785828 1.858423 1.173868e+00 
3 237.127823 1.843727 1.115069e+00 
4 235.687134 1.966995 1.110307e+00 
5 233.136383 1.814755 1.150068e+00 
6 231.565933 1.688589 1.161600e+00 
7 230.352753 2.052564 1.071829e+00 
8 228.176468 2.569058 1.094894e+00 
9 226.396164 3.035885 1.150072e+00 
10 224.476273 3.591688 1.222646e+00 
11 222.447845 4.121645 1.243965e+00 
12 220.641434 4.821404 1.298124e+00 
13 219.014938 5.397590 1.374081e+00 
14 216.992081 5.934351 1.429665e+00 
15 214.958084 6.323814 1.453404e+00 
16 213.856720 6.244107 1.396038e+00 
TRACK_ID  27
POINT_NUM  26
1 187.298630 78.832535 6.050794e+00 
2 189.862610 78.612343 6.059113e+00 
3 192.732224 78.415573 6.084790e+00 
4 196.579224 78.330727 6.063146e+00 
5 200.178406 77.912804 6.065836e+00 
6 203.364487 77.279488 6.125656e+00 
7 207.104507 76.680458 6.100377e+00 
8 210.200897 75.755280 5.961859e+00 
9 212.735992 74.322601 5.822734e+00 
10 215.192520 71.716820 5.945245e+00 
11 215.469620 70.062080 6.364662e+00 
12 215.190338 69.347404 6.664007e+00 
13 213.140060 68.918533 6.957482e+00 
14 213.805939 68.693390 7.185208e+00 
15 219.440155 67.355652 7.062577e+00 
16 223.069687 65.349129 6.969962e+00 
17 223.506012 64.210587 6.845785e+00 
18 223.853241 63.299225 6.577089e+00 
19 223.321350 62.647514 6.333835e+00 
20 226.775894 61.574306 5.466980e+00 
21 232.194550 60.328777 4.668351e+00 
22 237.566544 58.993973 3.947810e+00 
23 245.473495 57.055611 3.518963e+00 
24 248.664169 55.161930 3.647011e+00 
25 251.826080 53.681858 3.643187e+00 
26 255.373642 52.571995 3.404206e+00 
TRACK_ID  28
POINT_NUM  12
1 204.313370 51.276508 6.775808e+00 
2 205.254013 51.729362 6.228398e+00 
3 206.719025 51.856915 5.668640e+00 
4 208.837280 51.488251 5.330220e+00 
5 211.349136 50.692223 5.181582e+00 
6 214.294281 49.620564 5.017277e+00 
7 217.589096 48.323109 4.781841e+00 
8 221.471085 46.719280 4.187839e+00 
9 225.340012 45.008011 3.813712e+00 
10 228.645813 44.045280 3.426731e+00 
11 231.921295 44.334148 2.479352e+00 
12 235.702103 46.108715 1.756436e+00 
TRACK_ID  31
POINT_NUM  19
1 164.296738 40.952141 3.999173e+00 
2 168.291855 42.575844 4.528102e+00 
3 172.006302 43.966202 5.177077e+00 
4 175.330246 45.541733 5.625268e+00 
5 178.648193 47.188183 5.730241e+00 
6 182.162552 48.603428 5.567607e+00 
7 186.868744 48.032356 5.247409e+00 
8 188.655258 46.420906 5.560145e+00 
9 189.659195 47.646572 6.000940e+00 
10 191.769531 47.923248 6.228472e+00 
11 193.319107 47.956089 6.042989e+00 
12 194.241287 51.380260 6.192384e+00 
13 195.025146 52.027565 6.567369e+00 
14 195.511230 52.453964 6.687477e+00 
15 195.869614 52.559612 6.327798e+00 
16 196.366669 53.182358 5.646382e+00 
17 197.298141 53.824432 4.951915e+00 
18 198.790070 53.826492 4.297698e+00 
19 200.629990 54.149345 3.881814e+00 
TRACK_ID  38
POINT_NUM  8
1 121.904114 31.350733 2.780420e+00 
2 122.932129 31.378225 2.338396e+00 
3 125.386566 33.922092 2.058081e+00 
4 124.378105 37.653404 2.134699e+00 
5 126.036392 39.162952 2.368204e+00 
6 128.158401 39.787254 2.081830e+00 
7 130.657806 40.127975 2.048357e+00 
8 133.744904 41.073425 1.860739e+00 
TRACK_ID  58
POINT_NUM  14
4 102.421425 37.010406 1.211229e+00 
5 105.639694 36.733444 2.203435e+00 
6 107.641800 36.197544 3.028426e+00 
7 110.164970 35.489590 3.155359e+00 
8 111.940392 34.203873 2.675410e+00 
9 114.055992 31.557327 2.290421e+00 
10 121.068291 29.953846 2.553940e+00 
11 123.207993 29.607265 3.039019e+00 
12 123.580254 28.397789 3.023631e+00 
13 122.136093 26.264168 3.027687e+00 
14 121.448380 24.551716 2.881311e+00 
15 120.787651 23.028427 2.636534e+00 
16 120.534584 21.604727 2.537712e+00 
17 120.061996 22.286949 2.375507e+00 
TRACK_ID  62
POINT_NUM  16
5 248.211029 0.569978 1.207427e+00 
6 246.804977 0.853056 1.123351e+00 
7 245.780167 0.338839 1.311821e+00 
8 245.759430 0.319875 1.443360e+00 
9 244.090530 0.372146 1.510648e+00 
10 242.408539 0.355409 1.572331e+00 
11 239.689041 0.613843 1.668921e+00 
12 236.886337 0.659448 1.711328e+00 
13 235.323059 0.533351 1.748139e+00 
14 234.137985 0.623483 1.680035e+00 
15 231.543686 1.489361 1.472108e+00 
16 229.384018 1.625082 1.494936e+00 
17 228.219528 0.699638 1.700940e+00 
18 226.076385 0.768192 1.653333e+00 
19 223.924362 0.773204 1.502980e+00 
20 223.921432 0.768158 1.427360e+00 
TRACK_ID  74
POINT_NUM  8
8 164.282547 34.495380 1.689608e+00 
9 167.188095 35.209682 1.435849e+00 
10 169.677017 36.558434 1.626142e+00 
11 171.501999 36.100937 1.747518e+00 
12 172.947571 34.574837 1.764483e+00 
13 175.058746 32.621540 1.791567e+00 
14 177.010422 30.880737 1.606549e+00 
15 177.329254 28.011843 1.414910e+00 
TRACK_ID  79
POINT_NUM  26
9 250.322357 17.187138 2.088405e+00 
10 249.327957 17.306717 2.029663e+00 
11 248.488022 17.252573 1.883708e+00 
12 247.661530 17.141457 1.773773e+00 
13 246.460526 17.575739 1.790811e+00 
14 245.253571 17.781416 1.862893e+00 
15 243.772339 17.915068 1.867940e+00 
16 242.629181 17.527109 1.838603e+00 
17 241.628159 17.398211 1.697291e+00 
18 240.761490 17.834974 1.580263e+00 
19 239.859985 18.425472 1.550416e+00 
20 239.681396 18.930231 1.420905e+00 
21 239.522476 19.735231 1.263689e+00 
22 239.750931 20.945395 1.282388e+00 
23 240.418167 22.112494 1.346077e+00 
24 240.596939 22.915096 1.403651e+00 
25 241.053864 23.895271 1.577964e+00 
26 241.584824 24.929853 1.741131e+00 
27 241.894592 25.774504 1.715855e+00 
28 242.857925 26.253950 1.702289e+00 
29 242.385422 27.050610 1.595510e+00 
30 241.476013 28.757172 1.430697e+00 
31 241.251541 30.062645 1.154529e+00 
32 241.274399 31.278658 1.155226e+00 
33 240.991867 31.776054 1.184789e+00 
34 240.492569 31.181520 1.059894e+00 
TRACK_ID  91
POINT_NUM  30
11 349.922272 42.474403 3.986060e+00 
12 351.803284 42.120148 4.105031e+00 
13 353.383514 41.787251 4.392689e+00 
14 355.064606 41.675644 4.288845e+00 
15 357.034180 41.418724 3.909665e+00 
16 359.291016 40.490963 3.275527e+00 
17 2.019840 37.806503 2.774243e+00 
18 5.143611 36.271393 2.339738e+00 
19 8.201820 35.458313 1.996886e+00 
20 11.587328 35.138653 1.863774e+00 
21 14.649092 34.906391 1.748178e+00 
22 18.279448 35.511768 1.580379e+00 
23 21.185101 36.398792 1.799898e+00 
24 22.961813 36.413704 1.929717e+00 
25 25.167339 36.902557 2.206612e+00 
26 28.078491 37.528034 2.328851e+00 
27 29.948788 37.610477 2.499293e+00 
28 30.840467 37.735096 2.513522e+00 
29 31.435663 38.119343 2.458626e+00 
30 32.339375 38.585972 2.266326e+00 
31 32.738628 38.949299 2.155819e+00 
32 33.049221 39.554455 2.397958e+00 
33 35.028065 40.471645 2.490983e+00 
34 38.323990 41.403763 2.591319e+00 
35 40.438129 41.955330 2.771539e+00 
36 41.266159 42.534317 2.929524e+00 
37 41.827805 43.103031 2.605930e+00 
38 43.876713 44.035381 2.134491e+00 
39 48.530155 44.341396 1.809443e+00 
40 53.181068 44.519867 1.787668e+00 
TRACK_ID  99
POINT_NUM  29
12 279.131195 40.252594 2.930280e+00 
13 279.281158 40.489777 3.196080e+00 
14 280.615784 40.964367 3.235521e+00 
15 282.838531 41.324093 3.309135e+00 
16 285.466431 42.404182 3.577898e+00 
17 288.438873 43.888073 3.754417e+00 
18 291.506073 46.462673 4.031335e+00 
19 294.309448 49.136883 4.205665e+00 
20 298.339996 52.044449 4.136428e+00 
21 304.844666 53.678558 5.300989e+00 
22 305.947754 55.480255 6.105639e+00 
23 304.207367 57.522388 5.828091e+00 
24 301.951233 58.532078 5.111189e+00 
25 300.943604 59.046246 4.319652e+00 
26 300.825745 59.874084 3.930913e+00 
27 300.813599 60.011322 3.541304e+00 
28 294.961243 59.834251 3.328516e+00 
29 292.090607 58.437405 3.972483e+00 
30 292.643036 58.174995 4.587719e+00 
31 293.926788 58.496510 4.907680e+00 
32 295.120789 58.745628 5.009686e+00 
33 296.247772 59.213032 5.161721e+00 
34 297.327789 59.480309 5.153927e+00 
35 298.446259 60.701241 4.700717e+00 
36 296.776062 64.463814 4.281602e+00 
37 295.143402 66.287758 4.062084e+00 
38 292.429504 68.100510 3.980023e+00 
39 289.974548 69.346680 3.818746e+00 
40 287.252441 70.614441 3.849862e+00 
TRACK_ID  106
POINT_NUM  10
14 203.572739 31.300001 1.951550e+00 
15 200.209366 32.144871 2.098449e+00 
16 200.588013 33.242512 2.348776e+00 
17 200.916443 35.000874 2.646335e+00 
18 200.524948 37.703934 3.054556e+00 
19 197.254150 43.315941 3.654610e+00 
20 195.714111 44.529663 4.124305e+00 
21 194.229187 45.237991 4.280139e+00 
22 193.275177 46.178402 4.160975e+00 
23 193.369293 47.815784 4.009467e+00 
TRACK_ID  111
POINT_NUM  15
16 313.364716 31.580275 2.193968e+00 
17 311.057373 30.662128 1.991602e+00 
18 308.925201 30.242729 2.003065e+00 
19 307.093689 30.231251 2.101146e+00 
20 307.389648 31.757421 2.302549e+00 
21 307.000061 32.308052 2.628300e+00 
22 309.142334 32.660118 2.607989e+00 
23 316.040070 34.627571 2.618468e+00 
24 318.897949 34.766182 2.684860e+00 
25 321.581238 34.405735 2.681227e+00 
26 324.248779 33.956070 2.444803e+00 
27 326.726166 33.081337 2.107442e+00 
28 328.196136 33.148468 1.881778e+00 
29 328.887329 33.227272 1.784790e+00 
30 329.250336 33.108131 1.631244e+00 
TRACK_ID  117
POINT_NUM  14
16 205.512604 6.259840 1.355256e+00 
17 203.463745 6.974802 1.420971e+00 
18 201.744736 7.814879 1.488825e+00 
19 200.048386 8.577230 1.478835e+00 
20 198.136719 9.085920 1.523239e+00 
21 196.288712 9.981077 1.599103e+00 
22 195.820312 10.477637 1.591183e+00 
23 195.028442 10.880532 1.524654e+00 
24 193.507980 11.324873 1.509717e+00 
25 192.938934 12.020641 1.517420e+00 
26 193.248047 12.612473 1.541298e+00 
27 194.358810 13.933558 1.687128e+00 
28 195.509384 15.177662 1.820041e+00 
29 195.655579 15.379375 1.803423e+00 
TRACK_ID  118
POINT_NUM  8
17 338.874084 44.618015 4.046740e+00 
18 341.180847 43.445293 3.931349e+00 
19 343.812683 42.426144 3.547297e+00 
20 346.898926 41.903572 3.352443e+00 
21 349.955139 41.624691 3.439498e+00 
22 352.417145 41.359077 3.451783e+00 
23 354.721008 41.045719 3.254849e+00 
24 357.716156 41.559582 2.454938e+00 
TRACK_ID  120
POINT_NUM  9
17 144.405746 35.753761 1.569102e+00 
18 149.899094 37.901455 2.543262e+00 
19 153.096710 38.027756 3.111758e+00 
20 156.251022 38.847973 3.162789e+00 
21 159.968048 40.949680 3.325590e+00 
22 162.306168 41.633148 3.912079e+00 
23 164.601822 42.380028 4.397911e+00 
24 166.905624 43.633308 5.403243e+00 
25 167.853180 44.521812 6.081728e+00 
TRACK_ID  127
POINT_NUM  12
18 174.214050 56.008408 6.542038e+00 
19 177.339325 59.893639 6.609593e+00 
20 180.531998 62.437973 6.117780e+00 
21 185.217102 64.703262 5.590054e+00 
22 191.728394 65.847748 5.870134e+00 
23 198.329437 65.976395 6.019676e+00 
24 204.171860 66.346390 6.232737e+00 
25 209.855820 65.895309 6.573023e+00 
26 215.766739 64.035477 6.335801e+00 
27 221.655640 62.490925 5.965501e+00 
28 227.047653 60.722580 5.389833e+00 
29 232.652618 58.539360 3.863288e+00 
TRACK_ID  129
POINT_NUM  8
18 89.671967 17.402540 1.745592e+00 
19 87.813942 17.348675 1.682488e+00 
20 86.142487 17.166918 1.710512e+00 
21 84.631126 17.066332 1.636743e+00 
22 83.033745 17.054434 1.417535e+00 
23 80.892899 17.591269 1.478854e+00 
24 79.237198 18.040283 1.518213e+00 
25 78.326286 18.307276 1.155568e+00 
TRACK_ID  133
POINT_NUM  16
19 103.999565 17.916740 2.270167e+00 
20 103.677979 17.880226 1.770936e+00 
21 104.071785 18.724554 1.946138e+00 
22 104.111374 19.650230 2.205974e+00 
23 103.474854 19.133425 2.347673e+00 
24 102.645699 18.190207 2.458149e+00 
25 101.116798 17.559921 2.573634e+00 
26 99.692024 17.174192 2.513475e+00 
27 98.151840 16.767952 2.610212e+00 
28 96.786934 16.518877 2.646881e+00 
29 95.614769 16.646570 2.550532e+00 
30 93.765305 17.866125 2.373158e+00 
31 92.094246 18.498831 2.326947e+00 
32 90.140381 19.068739 2.331054e+00 
33 88.379372 19.498091 2.277203e+00 
34 86.479156 19.541346 2.240955e+00 
TRACK_ID  136
POINT_NUM  12
21 204.803940 54.246681 3.945873e+00 
22 203.648300 53.628738 3.699771e+00 
23 199.074570 53.258102 3.781489e+00 
24 196.504440 52.218853 4.324656e+00 
25 196.289047 52.165543 4.330838e+00 
26 195.240601 50.711384 4.135283e+00 
27 193.233490 48.781845 4.131708e+00 
28 191.242004 48.191467 4.125978e+00 
29 190.086838 48.415783 4.127810e+00 
30 190.004074 48.697723 4.153960e+00 
31 189.963394 48.220165 4.133374e+00 
32 189.564255 48.109394 3.913566e+00 
TRACK_ID  141
POINT_NUM  9
22 351.825562 68.477333 3.354244e+00 
23 356.652283 69.031242 3.774510e+00 
24 0.324310 69.776466 4.038283e+00 
25 2.592886 70.243019 4.377741e+00 
26 4.468126 70.805939 4.537178e+00 
27 6.556951 71.623489 4.794261e+00 
28 9.948742 73.278755 4.883297e+00 
29 15.054122 74.606148 4.894815e+00 
30 22.520594 75.013191 4.501016e+00 
TRACK_ID  144
POINT_NUM  9
22 237.666138 4.991124 1.105902e+00 
23 236.362671 5.526312 1.417236e+00 
24 235.424286 5.896071 1.611165e+00 
25 234.357986 6.098083 1.684833e+00 
26 233.363205 6.161307 1.736012e+00 
27 232.022079 6.140984 1.666757e+00 
28 230.251678 5.932471 1.633703e+00 
29 227.353653 6.033538 1.585353e+00 
30 224.646103 5.951077 1.558385e+00 
TRACK_ID  148
POINT_NUM  9
23 31.302452 37.950062 1.350022e+00 
24 34.161327 39.978352 1.840097e+00 
25 36.639149 40.531071 2.129217e+00 
26 38.514988 40.868725 2.190052e+00 
27 40.774849 41.092915 2.392057e+00 
28 41.967052 41.242329 2.422381e+00 
29 43.168427 41.179680 2.076228e+00 
30 44.263271 41.091305 1.601613e+00 
31 44.504398 41.312393 1.357898e+00 
TRACK_ID  153
POINT_NUM  10
24 108.282104 38.259594 1.865116e+00 
25 109.932312 39.694759 2.545199e+00 
26 111.474854 39.712284 3.184466e+00 
27 113.249641 39.593365 2.734778e+00 
28 116.471428 36.921833 2.203949e+00 
29 119.449997 36.409237 1.935606e+00 
30 123.274361 36.827312 1.859234e+00 
31 126.884056 36.599796 2.086267e+00 
32 129.351501 36.801662 2.150220e+00 
33 132.056122 36.572811 2.073805e+00 
TRACK_ID  156
POINT_NUM  13
24 166.080475 50.528313 5.072520e+00 
25 169.430969 52.476170 6.140436e+00 
26 172.626587 56.393242 6.828095e+00 
27 176.983109 59.505955 7.247794e+00 
28 182.260971 61.546921 7.134795e+00 
29 188.824097 62.808346 6.678209e+00 
30 195.970123 63.833572 6.529238e+00 
31 203.876999 63.963936 6.876758e+00 
32 209.286331 63.553516 6.899542e+00 
33 214.570755 62.728302 6.665826e+00 
34 219.617630 61.533855 5.700889e+00 
35 227.185516 60.824745 4.936746e+00 
36 232.365356 58.649853 4.252376e+00 
TRACK_ID  167
POINT_NUM  15
26 94.871918 31.430490 2.103626e+00 
27 96.376930 31.711290 2.409718e+00 
28 97.291695 31.506527 2.378363e+00 
29 99.316093 33.234570 1.801164e+00 
30 102.257858 35.374298 2.717385e+00 
31 104.994820 34.752735 4.497892e+00 
32 106.108116 34.554409 4.551688e+00 
33 107.791321 34.456474 3.944141e+00 
34 108.654701 33.536190 4.607386e+00 
35 109.296257 32.221733 4.849453e+00 
36 110.140518 30.674873 4.330830e+00 
37 111.232094 29.067266 3.761798e+00 
38 111.682434 28.188889 4.081178e+00 
39 112.461586 27.974098 3.517853e+00 
40 113.065742 29.022053 3.200256e+00 
TRACK_ID  168
POINT_NUM  8
26 141.669983 40.424435 1.229228e+00 
27 144.777374 40.758347 1.911251e+00 
28 149.079773 41.873173 2.360802e+00 
29 151.277817 42.900932 2.607462e+00 
30 153.416412 44.157116 2.473355e+00 
31 156.919174 47.082394 2.216317e+00 
32 160.119553 49.781372 2.290074e+00 
33 162.342010 51.940060 2.045984e+00 
TRACK_ID  173
POINT_NUM  8
27 113.138023 53.005985 1.722141e+00 
28 115.928108 53.197647 1.575521e+00 
29 121.702362 52.827442 1.533191e+00 
30 128.355301 51.986202 1.862162e+00 
31 132.052399 51.765545 2.129498e+00 
32 135.620407 51.550442 2.197212e+00 
33 138.986145 50.865639 1.996045e+00 
34 142.562805 50.077404 1.787440e+00 
TRACK_ID  174
POINT_NUM  13
27 139.082840 28.375629 1.166592e+00 
28 138.614594 28.152985 1.399286e+00 
29 138.351913 27.509653 1.610162e+00 
30 137.590805 26.651264 1.823982e+00 
31 135.993546 25.914030 2.031795e+00 
32 134.511566 25.109430 2.219339e+00 
33 133.057159 24.673849 2.312229e+00 
34 132.117355 24.338329 2.418259e+00 
35 131.638306 23.522366 2.398079e+00 
36 131.386261 20.956440 2.089468e+00 
37 130.959274 18.968189 1.802563e+00 
38 130.073883 17.741142 1.425383e+00 
39 128.539703 16.291817 1.150034e+00 
TRACK_ID  186
POINT_NUM  11
30 246.324982 53.868305 3.068984e+00 
31 251.780685 51.968834 2.544959e+00 
32 258.752869 48.602390 2.225100e+00 
33 264.810547 47.842350 2.165711e+00 
34 268.734589 47.777172 2.035807e+00 
35 272.133392 47.294075 1.506868e+00 
36 280.663300 44.971031 1.473361e+00 
37 283.692444 46.234081 1.500352e+00 
38 287.587860 51.063152 1.820778e+00 
39 289.948120 52.515472 2.404520e+00 
40 292.363922 53.776096 2.607346e+00 
TRACK_ID  195
POINT_NUM  10
31 38.077644 69.759377 4.426782e+00 
32 40.326260 67.537857 4.404283e+00 
33 46.837399 66.528244 4.424852e+00 
34 51.579296 65.769630 4.663684e+00 
35 54.291130 64.809616 4.676388e+00 
36 57.333683 63.483704 4.467739e+00 
37 60.171284 61.872284 3.961068e+00 
38 63.988907 59.947124 3.514775e+00 
39 67.284981 57.865925 3.248198e+00 
40 69.902252 56.394550 3.182362e+00 
TRACK_ID  199
POINT_NUM  9
31 159.274673 58.748302 1.276115e+00 
32 162.065674 59.733082 1.690177e+00 
33 166.911789 61.059090 2.226147e+00 
34 171.384598 61.294529 2.501044e+00 
35 177.632767 62.087997 2.156509e+00 
36 184.964020 62.248749 1.847717e+00 
37 197.585464 61.916050 1.546467e+00 
38 200.416397 61.309322 1.562184e+00 
39 200.782211 59.409389 1.193260e+00 
TRACK_ID  203
POINT_NUM  9
32 5.483488 69.648514 3.122473e+00 
33 8.772860 71.269714 3.027363e+00 
34 14.724354 73.253113 3.058248e+00 
35 21.135162 74.777039 2.848547e+00 
36 33.979214 75.447815 2.797214e+00 
37 39.715755 75.275322 2.929621e+00 
38 39.186958 76.040855 3.024919e+00 
39 44.078594 75.122231 3.108098e+00 
40 48.923748 73.701622 2.813868e+00 
TRACK_ID  204
POINT_NUM  9
32 200.427322 53.117863 3.927897e+00 
33 196.423691 49.980206 3.806984e+00 
34 195.832809 48.390808 3.898782e+00 
35 196.304184 46.575710 4.018467e+00 
36 195.649994 45.711582 4.115224e+00 
37 192.186417 44.908817 4.028697e+00 
38 190.397949 43.634075 4.412046e+00 
39 189.207581 43.578503 4.072088e+00 
40 187.081390 43.532421 3.387230e+00 
TRACK_ID  252
POINT_NUM  15
16 10.284470 65.305290 3.999719e+00 
17 12.640772 65.761772 4.466590e+00 
18 12.581413 65.544655 4.534642e+00 
19 15.165025 65.560463 4.460516e+00 
20 18.551535 65.322990 4.270801e+00 
21 22.540623 64.962555 4.069683e+00 
22 36.075035 62.441284 3.895278e+00 
23 40.799461 60.103954 4.183863e+00 
24 44.090687 58.389671 4.449257e+00 
25 49.301327 56.204704 4.606698e+00 
26 52.139339 54.989182 4.468464e+00 
27 55.244831 53.434166 4.083326e+00 
28 60.595943 50.295658 3.740772e+00 
29 64.228493 48.729294 3.700262e+00 
30 67.962029 48.472198 3.311966e+00 
TRACK_ID  259
POINT_NUM  19
16 148.113739 63.551010 3.288966e+00 
17 150.695786 64.564850 3.518540e+00 
18 150.798737 65.792175 3.324342e+00 
19 147.450256 67.944290 2.956449e+00 
20 143.457977 70.937859 3.396514e+00 
21 141.191574 72.851501 3.672691e+00 
22 138.223206 73.949524 3.532281e+00 
23 134.332062 74.277039 3.143107e+00 
24 130.304596 73.929955 2.825020e+00 
25 128.057327 73.653130 2.622956e+00 
26 127.733437 73.586365 2.562210e+00 
27 128.082855 73.867744 2.471483e+00 
28 129.987015 74.158447 2.262165e+00 
29 135.638840 74.121727 2.308582e+00 
30 137.809875 74.075104 2.252227e+00 
31 140.938843 73.731186 2.022972e+00 
32 144.431381 73.547325 1.875255e+00 
33 146.735306 73.658463 1.552662e+00 
34 145.467331 74.053688 1.218295e+00 
TRACK_ID  260
POINT_NUM  12
6 137.716034 30.727839 2.430808e+00 
7 138.281372 31.188860 2.481186e+00 
8 140.161179 33.199982 2.661622e+00 
9 142.003311 34.286304 3.269516e+00 
10 143.865051 34.636944 3.584388e+00 
11 148.789017 36.223606 3.625207e+00 
12 152.313217 37.406330 3.933420e+00 
13 155.622162 38.843147 3.801780e+00 
14 160.428101 41.731037 3.679486e+00 
15 165.783432 44.550213 4.318432e+00 
16 169.668198 46.508018 5.695846e+00 
17 171.558609 49.079693 6.469067e+00 
TRACK_ID  267
POINT_NUM  15
22 166.426804 24.643671 2.178200e+00 
23 165.063126 23.801119 2.413281e+00 
24 163.525436 23.318146 2.458096e+00 
25 162.745636 22.693123 2.178063e+00 
26 160.929977 22.445642 2.079320e+00 
27 160.773453 21.470722 2.139096e+00 
28 160.417099 20.726496 2.085163e+00 
29 160.252090 19.820955 1.938090e+00 
30 160.125122 19.142477 1.826025e+00 
31 159.763687 18.836973 1.817070e+00 
32 159.191360 18.550446 1.842628e+00 
33 158.563248 18.054291 1.876310e+00 
34 158.032455 17.607306 1.793187e+00 
35 158.000290 17.088585 1.515563e+00 
36 157.912796 16.069754 1.177703e+00 
TRACK_ID  270
POINT_NUM  12
28 305.730560 41.386562 2.146747e+00 
29 311.835510 42.154995 2.681564e+00 
30 318.141113 43.326756 3.065181e+00 
31 324.951965 44.764359 3.113146e+00 
32 331.634186 45.415295 3.076141e+00 
33 337.048004 45.753193 3.056563e+00 
34 341.659943 46.048264 3.073890e+00 
35 344.627747 44.913170 3.009147e+00 
36 347.908905 43.661350 2.832602e+00 
37 351.102051 42.399204 2.494632e+00 
38 353.884186 41.561665 2.044146e+00 
39 355.817993 39.843880 1.515513e+00 
TRACK_ID  271
POINT_NUM  9
29 95.107239 52.081703 1.639045e+00 
30 98.559250 52.315628 2.446024e+00 
31 102.744278 51.877312 2.459413e+00 
32 110.116203 51.684505 2.578749e+00 
33 113.710350 51.435230 3.158433e+00 
34 116.060600 50.819565 2.452575e+00 
35 118.884758 53.579666 1.821986e+00 
36 120.240044 54.209408 1.600416e+00 
37 118.541702 53.542622 1.542337e+00 
TRACK_ID  288
POINT_NUM  21
10 104.984970 35.175243 2.371248e+00 
11 107.178551 33.920506 3.481081e+00 
12 109.197540 31.494707 3.432342e+00 
13 110.469810 30.032583 3.356661e+00 
14 110.751747 29.209526 3.990196e+00 
15 112.249550 29.122280 3.337549e+00 
16 117.082008 29.468706 2.592936e+00 
17 121.162674 28.231163 2.632643e+00 
18 122.174515 25.999029 2.413931e+00 
19 122.573654 23.393021 1.908221e+00 
20 124.214699 24.703894 1.690461e+00 
21 122.076691 23.335012 1.601449e+00 
22 120.873154 24.113270 1.676478e+00 
23 120.655930 23.640066 2.076812e+00 
24 121.796112 23.807657 2.232721e+00 
25 122.701042 24.342251 2.402214e+00 
26 122.923233 24.324423 2.413271e+00 
27 123.888794 23.880461 2.505349e+00 
28 123.640427 24.120529 2.631814e+00 
29 122.205338 25.017019 2.829257e+00 
30 117.026283 25.018087 3.065735e+00 
TRACK_ID  293
POINT_NUM  11
18 9.601359 87.164764 4.625151e+00 
19 32.779594 85.367035 4.422320e+00 
20 39.052643 84.181808 4.514747e+00 
21 36.267952 81.766190 4.807815e+00 
22 44.242268 81.172073 5.230245e+00 
23 50.715389 80.862396 5.236858e+00 
24 55.118183 80.371002 4.978065e+00 
25 56.988232 79.331772 4.563841e+00 
26 58.645664 78.021713 4.002311e+00 
27 59.601875 76.201080 3.536604e+00 
28 58.115509 74.306969 3.235375e+00 
