0
0 0
TRACK_NUM       236 ADD_FLD    0   0 &
TRACK_ID  1
POINT_NUM  4
22 49.313179 0.603218 1.451673e+00 
23 48.233421 0.679095 1.538565e+00 
24 46.098141 0.739463 1.602097e+00 
25 46.097725 0.734986 1.338939e+00 
TRACK_ID  2
POINT_NUM  5
1 356.903229 15.597385 1.260186e+00 
2 356.813599 15.560532 1.044165e+00 
3 355.892212 15.623213 1.096623e+00 
4 355.565033 16.177641 1.151306e+00 
5 356.097290 16.717857 1.154962e+00 
TRACK_ID  3
POINT_NUM  13
1 349.401642 28.946249 2.046708e+00 
2 349.368134 28.551073 2.333813e+00 
3 349.620697 28.409382 2.721081e+00 
4 350.266174 28.527796 2.982878e+00 
5 350.322144 28.181461 2.972527e+00 
6 349.378143 27.334036 2.573046e+00 
7 347.749390 26.804325 2.426439e+00 
8 346.235809 26.615868 2.276122e+00 
9 345.163971 26.212896 1.920874e+00 
10 344.093079 25.664854 1.663914e+00 
11 343.457001 25.453266 1.792100e+00 
12 343.102600 25.636992 1.672280e+00 
13 343.148590 25.900116 1.228172e+00 
TRACK_ID  4
POINT_NUM  11
1 297.122040 19.406887 2.495688e+00 
2 296.246460 19.221724 2.656925e+00 
3 295.401398 19.058681 2.781545e+00 
4 293.930450 18.306646 2.841121e+00 
5 292.384857 17.749662 2.930612e+00 
6 290.714355 17.347622 2.882036e+00 
7 289.406738 17.619940 2.852604e+00 
8 287.866974 17.542671 2.851791e+00 
9 286.366638 17.705032 2.768248e+00 
10 284.792572 17.772228 2.413900e+00 
11 283.218079 17.413177 2.025406e+00 
TRACK_ID  5
POINT_NUM  3
1 325.316376 48.858387 4.478909e+00 
2 327.771545 48.819630 4.378177e+00 
3 329.333466 46.562656 3.902539e+00 
TRACK_ID  6
POINT_NUM  16
1 327.580261 64.273857 6.226014e+00 
2 330.114044 65.185455 6.395302e+00 
3 333.696472 66.362228 6.135107e+00 
4 345.659882 70.279251 6.059519e+00 
5 351.191101 72.095787 6.840329e+00 
6 355.196899 73.527702 7.505816e+00 
7 359.753876 74.483887 7.697088e+00 
8 5.417130 75.374054 7.295732e+00 
9 13.893354 75.962379 6.695428e+00 
10 29.089500 75.988762 6.389413e+00 
11 42.690891 75.410286 6.282399e+00 
12 51.182804 74.577820 5.860073e+00 
13 60.318764 73.611969 5.265211e+00 
14 68.427498 72.776855 4.739441e+00 
15 70.292824 73.568573 4.307534e+00 
16 70.024223 73.996765 4.357025e+00 
TRACK_ID  7
POINT_NUM  3
1 350.132568 77.950897 2.980613e+00 
2 352.721924 78.433777 2.902415e+00 
3 356.962555 78.531746 2.619575e+00 
TRACK_ID  8
POINT_NUM  6
1 290.192169 70.497108 5.220716e+00 
2 288.742493 70.951057 4.768551e+00 
3 287.060211 71.228661 4.197846e+00 
4 284.963684 71.200859 3.422595e+00 
5 282.786896 70.383598 2.364422e+00 
6 281.348175 67.790001 1.401711e+00 
TRACK_ID  9
POINT_NUM  31
1 278.027557 6.860312 3.303378e+00 
2 278.336060 6.911144 3.493742e+00 
3 278.496063 7.024374 3.690530e+00 
4 278.858765 7.084510 3.837141e+00 
5 279.159332 6.980255 3.865315e+00 
6 279.560150 6.894627 3.786816e+00 
7 280.141022 6.916984 3.512941e+00 
8 280.603882 7.033101 3.179391e+00 
9 280.831879 7.280187 2.988698e+00 
10 280.971466 7.705880 2.916655e+00 
11 281.233734 8.336796 2.742206e+00 
12 281.485229 8.873928 2.658533e+00 
13 281.717865 9.069817 2.548553e+00 
14 282.098572 9.369456 2.406280e+00 
15 282.431763 9.823551 2.146214e+00 
16 282.539795 10.036582 1.903504e+00 
17 282.490631 9.979849 1.784380e+00 
18 282.133240 10.019532 1.724752e+00 
19 282.000122 10.068565 1.670205e+00 
20 282.020447 9.874947 1.812787e+00 
21 281.860474 9.846436 1.973670e+00 
22 281.233154 9.633851 1.888398e+00 
23 280.935486 9.454994 1.689304e+00 
24 281.056854 9.491668 1.549579e+00 
25 281.126923 9.744894 1.543312e+00 
26 280.581055 10.128647 1.410448e+00 
27 280.863708 9.821600 1.287433e+00 
28 281.773987 10.071689 1.311481e+00 
29 280.802917 10.842721 1.374328e+00 
30 278.835907 11.182694 1.404458e+00 
31 279.092255 11.214582 1.398700e+00 
TRACK_ID  10
POINT_NUM  34
1 268.409302 7.055203 2.322804e+00 
2 266.641907 7.197660 2.422000e+00 
3 264.802551 7.313765 2.513061e+00 
4 264.163788 7.366978 2.525346e+00 
5 262.327759 7.264091 2.605617e+00 
6 260.538483 7.100348 2.724421e+00 
7 260.454895 6.833414 2.648163e+00 
8 262.076630 6.407966 2.318955e+00 
9 262.582855 6.234168 2.126570e+00 
10 262.111328 6.145511 2.112106e+00 
11 261.679199 6.088129 2.106835e+00 
12 261.105804 5.908309 1.985131e+00 
13 260.671204 5.709762 1.901768e+00 
14 259.958221 5.558929 1.866760e+00 
15 258.925232 5.383612 1.909893e+00 
16 257.935822 5.174805 1.777337e+00 
17 256.799866 5.339852 1.590306e+00 
18 255.712234 6.026645 1.476666e+00 
19 255.105560 6.591476 1.540023e+00 
20 253.941010 6.771776 1.491143e+00 
21 252.421936 6.772226 1.491666e+00 
22 250.715866 6.860718 1.470268e+00 
23 249.029282 7.193317 1.479857e+00 
24 247.632996 7.478779 1.538510e+00 
25 246.929642 7.681417 1.609694e+00 
26 245.119385 8.010700 1.673675e+00 
27 243.067307 8.230887 1.824878e+00 
28 241.616211 8.262987 1.922569e+00 
29 239.843475 8.349373 1.989227e+00 
30 238.118011 8.516747 2.017133e+00 
31 236.457733 9.012037 1.988862e+00 
32 235.062439 9.165869 1.817702e+00 
33 233.557083 9.328200 1.540827e+00 
34 232.355942 9.816584 1.223973e+00 
TRACK_ID  11
POINT_NUM  5
1 258.060211 7.637803 2.323385e+00 
2 257.388763 7.694956 2.415131e+00 
3 256.688934 7.771131 2.527050e+00 
4 256.424713 7.686848 2.542988e+00 
5 257.186798 7.450476 2.577947e+00 
TRACK_ID  12
POINT_NUM  3
1 244.616211 10.681361 1.955194e+00 
2 243.915192 10.466501 1.883614e+00 
3 243.453522 10.221803 1.738139e+00 
TRACK_ID  13
POINT_NUM  3
1 275.407074 35.919628 1.220474e+00 
2 278.122772 36.238403 1.501903e+00 
3 281.022369 36.748562 1.479588e+00 
TRACK_ID  14
POINT_NUM  35
1 287.942719 53.984322 7.451910e+00 
2 295.192657 56.885139 8.526305e+00 
3 300.419891 58.330200 1.020266e+01 
4 304.455933 59.343369 1.078383e+01 
5 307.521240 60.590855 1.007570e+01 
6 310.576416 61.549252 8.520510e+00 
7 316.511078 62.168583 7.119181e+00 
8 322.070648 62.706360 6.377170e+00 
9 323.256134 62.790855 6.025936e+00 
10 325.232056 62.828758 6.280650e+00 
11 327.437653 63.290352 6.301872e+00 
12 329.576141 64.156204 5.825930e+00 
13 331.071625 65.112267 4.715173e+00 
14 331.234100 65.515503 3.519898e+00 
15 332.718506 65.824562 2.408649e+00 
16 340.248169 65.632988 2.115604e+00 
17 344.700317 64.485115 3.516368e+00 
18 346.753113 66.492683 4.417830e+00 
19 350.877747 68.971718 4.768499e+00 
20 357.831390 71.697388 5.843111e+00 
21 5.551000 73.165443 7.192520e+00 
22 14.039995 73.966431 8.342319e+00 
23 21.797321 74.109001 8.585217e+00 
24 28.424177 73.463974 7.981297e+00 
25 34.633972 71.780258 6.759439e+00 
26 39.955601 69.316399 5.581376e+00 
27 42.526878 67.062546 4.561712e+00 
28 45.262001 64.833008 3.727274e+00 
29 46.548462 62.795422 3.185567e+00 
30 43.708500 60.272182 3.273115e+00 
31 44.199245 58.642933 3.880580e+00 
32 46.373714 57.742176 4.086290e+00 
33 48.819557 57.228558 3.706058e+00 
34 50.718025 56.722542 3.215691e+00 
35 50.711037 56.045589 2.733239e+00 
TRACK_ID  15
POINT_NUM  5
1 8.907972 5.169307 1.097674e+00 
2 8.819544 5.620471 1.074800e+00 
3 9.068799 5.514212 1.182892e+00 
4 9.154511 5.118557 1.360414e+00 
5 8.649103 4.984598 1.328988e+00 
TRACK_ID  16
POINT_NUM  5
1 20.168308 0.342300 2.278009e+00 
2 20.166107 0.343302 1.893926e+00 
3 20.161121 0.341009 1.984049e+00 
4 20.155193 0.341966 1.984109e+00 
5 20.150000 0.340703 1.794976e+00 
TRACK_ID  17
POINT_NUM  40
1 33.414833 11.857257 1.225747e+00 
2 34.351887 12.978562 1.283167e+00 
3 34.630970 12.303640 1.488160e+00 
4 34.016190 11.886784 1.294848e+00 
5 34.069321 12.461664 1.095757e+00 
6 35.456547 13.380382 1.331374e+00 
7 35.145096 12.661553 1.836791e+00 
8 34.099213 12.251246 1.937702e+00 
9 33.762455 12.828202 1.749690e+00 
10 34.505798 13.629709 1.625885e+00 
11 34.169605 13.129461 2.099368e+00 
12 33.281414 12.943176 2.356724e+00 
13 32.730957 13.370293 1.997979e+00 
14 33.748497 14.266083 1.570675e+00 
15 34.155338 13.427796 2.085120e+00 
16 33.046299 13.092107 2.251176e+00 
17 32.894455 13.333449 1.823053e+00 
18 34.501209 13.998380 1.633555e+00 
19 34.327946 13.530907 2.297132e+00 
20 33.497883 13.302064 2.415559e+00 
21 33.426239 13.633516 1.834128e+00 
22 34.823174 14.218241 1.791373e+00 
23 34.280716 13.597578 2.505508e+00 
24 33.304153 13.497621 2.610023e+00 
25 33.248837 13.962111 2.002370e+00 
26 34.702072 14.331830 1.807420e+00 
27 34.091759 13.783482 2.474309e+00 
28 33.006084 13.788928 2.530730e+00 
29 33.237423 14.394374 1.885899e+00 
30 34.732738 14.933185 1.653462e+00 
31 34.639038 14.456637 1.951186e+00 
32 34.012119 14.525679 1.906906e+00 
33 34.349796 14.781141 1.530971e+00 
34 34.875809 15.248257 1.354592e+00 
35 35.085194 14.418131 1.578495e+00 
36 34.670216 14.333776 1.692687e+00 
37 34.883831 14.636115 1.561427e+00 
38 35.334728 14.756814 1.519024e+00 
39 35.349430 13.844693 1.972790e+00 
40 34.880688 13.812661 2.089273e+00 
TRACK_ID  18
POINT_NUM  23
1 8.302024 42.005627 5.887065e+00 
2 10.118745 42.174969 5.853656e+00 
3 11.647430 42.349304 5.578071e+00 
4 11.842335 42.260708 5.040620e+00 
5 12.110605 42.198097 4.624409e+00 
6 11.607460 42.103031 4.124638e+00 
7 7.846015 40.796089 4.317634e+00 
8 6.693550 40.018986 4.535653e+00 
9 6.300999 38.759567 4.608234e+00 
10 8.441294 38.990524 4.266724e+00 
11 10.149562 39.102669 4.436048e+00 
12 12.560403 38.792973 4.452329e+00 
13 18.070889 39.401787 5.029935e+00 
14 21.280758 41.765106 5.795710e+00 
15 23.153582 44.417690 7.037206e+00 
16 23.201651 46.237991 7.668696e+00 
17 22.579229 47.747547 7.595890e+00 
18 21.787817 48.661251 6.743347e+00 
19 21.125160 48.902618 6.054883e+00 
20 20.606886 48.821449 5.569108e+00 
21 20.169981 48.687134 4.803408e+00 
22 20.007544 48.870625 4.037786e+00 
23 20.466827 49.036625 3.108621e+00 
TRACK_ID  19
POINT_NUM  5
1 15.255453 51.747166 4.473567e+00 
2 16.864975 52.794025 4.559060e+00 
3 17.894602 53.940365 4.351144e+00 
4 18.382727 54.891094 3.899056e+00 
5 17.561707 53.586681 3.452703e+00 
TRACK_ID  20
POINT_NUM  11
1 30.770304 66.496361 4.843417e+00 
2 40.549942 66.501411 5.241680e+00 
3 50.363392 66.027740 5.521459e+00 
4 65.843063 65.160675 6.255544e+00 
5 73.392067 64.918030 7.403517e+00 
6 79.696602 64.880829 7.609059e+00 
7 84.989624 64.778542 7.019351e+00 
8 89.750740 64.081543 5.825968e+00 
9 95.366035 62.309029 5.045262e+00 
10 100.536781 61.589127 4.568579e+00 
11 102.884987 61.955212 4.350200e+00 
TRACK_ID  21
POINT_NUM  18
1 54.449726 40.763321 4.875141e+00 
2 54.878376 41.834110 5.230552e+00 
3 54.326397 42.723743 5.149479e+00 
4 54.252617 42.933189 5.167181e+00 
5 54.555412 43.114033 5.012622e+00 
6 54.920570 43.187737 4.720117e+00 
7 54.974224 43.129730 4.606228e+00 
8 55.442947 42.918171 4.342053e+00 
9 56.041573 42.821655 3.942286e+00 
10 56.983494 43.087910 3.629339e+00 
11 57.999249 43.300095 3.548182e+00 
12 59.053181 43.511982 3.428356e+00 
13 59.801407 43.698921 3.233247e+00 
14 60.450554 43.711964 2.908159e+00 
15 60.693073 43.460388 2.526567e+00 
16 62.061298 43.683098 2.137662e+00 
17 63.033951 43.891068 1.763474e+00 
18 62.600052 43.485794 1.388987e+00 
TRACK_ID  22
POINT_NUM  6
1 38.659515 21.860292 1.220090e+00 
2 37.045738 23.041237 1.131751e+00 
3 35.767860 24.105852 1.183264e+00 
4 35.723648 24.880224 1.323783e+00 
5 35.360210 25.196600 1.319822e+00 
6 34.762577 25.088800 1.101361e+00 
TRACK_ID  23
POINT_NUM  11
1 54.158245 15.595362 4.592360e+00 
2 53.692204 15.738235 4.625902e+00 
3 53.067261 15.372381 4.623771e+00 
4 52.617214 14.989335 4.394125e+00 
5 52.322052 14.690606 3.924428e+00 
6 51.763542 14.421539 3.635192e+00 
7 50.996346 13.796909 3.496738e+00 
8 50.348877 12.962896 3.105627e+00 
9 49.620995 12.223147 2.474934e+00 
10 48.807453 11.539042 1.849961e+00 
11 47.767300 10.687125 1.324170e+00 
TRACK_ID  24
POINT_NUM  9
1 248.225708 27.375217 2.062528e+00 
2 248.592117 27.824219 2.386962e+00 
3 248.246902 27.621094 2.117894e+00 
4 248.778427 27.563929 1.948890e+00 
5 248.964584 27.687832 1.881471e+00 
6 247.936493 27.761602 1.811973e+00 
7 247.567917 28.172176 1.709603e+00 
8 246.824493 27.363676 1.621757e+00 
9 247.335724 30.375834 1.646922e+00 
TRACK_ID  25
POINT_NUM  10
1 256.337585 48.807404 3.055027e+00 
2 260.685150 46.943966 4.126051e+00 
3 263.239563 47.576214 5.090105e+00 
4 266.337250 48.469509 5.677777e+00 
5 269.239014 49.565788 5.662987e+00 
6 273.262390 50.815639 5.627573e+00 
7 277.324127 52.008804 5.196162e+00 
8 281.179840 53.419094 4.458889e+00 
9 283.553345 54.798264 3.259595e+00 
10 285.781921 55.872982 2.360317e+00 
TRACK_ID  26
POINT_NUM  14
1 219.293198 57.339741 6.314175e+00 
2 220.365952 57.079887 6.451746e+00 
3 221.212921 56.974236 6.412247e+00 
4 221.822922 56.958160 6.618989e+00 
5 222.426514 56.918709 6.590084e+00 
6 222.987183 56.994125 6.285118e+00 
7 223.182739 57.392487 5.624623e+00 
8 222.700958 58.125702 4.893626e+00 
9 219.918213 58.990219 4.696813e+00 
10 216.534546 59.398552 5.249683e+00 
11 213.661392 59.121742 5.865039e+00 
12 213.029633 58.226097 5.689812e+00 
13 213.027145 57.877354 4.609627e+00 
14 212.829712 57.917831 3.383660e+00 
TRACK_ID  27
POINT_NUM  10
1 236.347839 20.507589 1.060473e+00 
2 234.994797 20.085670 1.172823e+00 
3 233.978958 19.847664 1.182480e+00 
4 232.960083 19.643976 1.302687e+00 
5 231.928497 19.428020 1.363600e+00 
6 229.519745 18.844967 1.366230e+00 
7 229.222900 19.009716 1.379334e+00 
8 228.244934 18.897844 1.334898e+00 
9 226.898544 18.579731 1.292098e+00 
10 226.158951 18.695992 1.095501e+00 
TRACK_ID  28
POINT_NUM  7
1 225.403473 7.783434 1.184270e+00 
2 223.261826 7.250021 1.106786e+00 
3 221.316498 7.112528 1.170816e+00 
4 219.923645 6.798010 1.155804e+00 
5 218.554581 6.023615 1.091753e+00 
6 216.805222 5.248144 1.155007e+00 
7 215.263565 4.924782 1.109604e+00 
TRACK_ID  29
POINT_NUM  10
1 200.735718 42.678326 5.330149e+00 
2 206.288742 42.692715 5.212688e+00 
3 209.990051 42.648491 5.158291e+00 
4 213.685516 42.433907 4.661712e+00 
5 218.047729 41.756023 4.243690e+00 
6 223.145630 40.760124 4.063339e+00 
7 228.297333 39.839832 4.026766e+00 
8 232.139313 38.829559 3.962000e+00 
9 235.366135 37.981606 3.723073e+00 
10 238.905731 37.184650 3.276256e+00 
TRACK_ID  30
POINT_NUM  11
1 176.813538 58.136009 6.072215e+00 
2 175.544388 60.309597 7.228417e+00 
3 172.893814 61.847240 8.136039e+00 
4 170.108490 62.897282 8.563680e+00 
5 167.916855 63.921524 8.171574e+00 
6 166.043015 65.167328 7.222832e+00 
7 164.322952 66.659218 6.044805e+00 
8 163.013702 68.831276 5.310946e+00 
9 162.013214 70.781700 4.787098e+00 
10 160.472015 72.130341 4.334424e+00 
11 159.660477 72.447983 4.123855e+00 
TRACK_ID  31
POINT_NUM  3
1 200.643127 17.627541 1.072093e+00 
2 199.236862 17.434326 1.153958e+00 
3 197.626434 17.545347 1.093111e+00 
TRACK_ID  32
POINT_NUM  6
1 83.008652 77.333038 3.567056e+00 
2 82.864838 77.391312 3.560215e+00 
3 82.482033 77.621071 3.518320e+00 
4 81.861282 77.758194 3.482046e+00 
5 81.425583 77.395012 3.408901e+00 
6 80.248528 76.255287 3.326575e+00 
TRACK_ID  33
POINT_NUM  7
1 114.922165 60.755970 3.114101e+00 
2 117.154167 61.020710 3.276581e+00 
3 117.624580 61.770969 3.029538e+00 
4 115.897079 62.813602 2.924392e+00 
5 114.382973 63.332508 3.030493e+00 
6 116.991898 63.260681 2.970192e+00 
7 120.445854 63.271133 2.718141e+00 
TRACK_ID  34
POINT_NUM  3
1 90.894653 60.119087 2.589330e+00 
2 94.166336 60.084293 2.623592e+00 
3 98.448891 60.302727 2.523247e+00 
TRACK_ID  35
POINT_NUM  1
1 84.712448 56.565372 2.538868e+00 
TRACK_ID  36
POINT_NUM  24
1 94.920303 44.019184 2.271860e+00 
2 101.855881 44.795422 2.286475e+00 
3 107.492943 45.327309 3.258498e+00 
4 110.857063 44.873848 4.320792e+00 
5 114.951302 45.115059 5.269432e+00 
6 118.282593 45.842388 6.216997e+00 
7 120.506584 46.079327 7.166148e+00 
8 122.056381 46.326389 7.872233e+00 
9 123.694366 46.550488 8.035777e+00 
10 125.503593 46.701473 7.266765e+00 
11 128.694550 47.498135 6.448670e+00 
12 133.422287 48.548000 6.279567e+00 
13 137.591965 49.788597 7.034360e+00 
14 139.680328 51.002541 7.541220e+00 
15 138.714905 51.201763 7.686972e+00 
16 138.484695 51.050304 7.283617e+00 
17 138.484802 50.728912 6.947544e+00 
18 139.550247 50.210293 6.136992e+00 
19 141.825394 50.698696 5.571092e+00 
20 143.833420 52.453548 5.452769e+00 
21 144.479019 53.940899 5.842493e+00 
22 144.920700 55.418957 5.844765e+00 
23 144.562881 57.208176 5.359366e+00 
24 143.618652 58.780457 4.260852e+00 
TRACK_ID  37
POINT_NUM  2
1 104.087982 35.964474 1.714297e+00 
2 105.059357 36.526844 1.254873e+00 
TRACK_ID  38
POINT_NUM  5
1 79.170097 3.739066 1.476007e+00 
2 78.990852 3.578881 1.454318e+00 
3 79.159340 3.443552 1.369026e+00 
4 79.309258 3.391406 1.267810e+00 
5 79.448891 3.473048 1.225878e+00 
TRACK_ID  39
POINT_NUM  40
1 104.258652 9.979027 4.349024e+00 
2 104.250526 9.614769 4.196967e+00 
3 104.372498 9.259333 4.150661e+00 
4 104.421013 8.979039 4.179815e+00 
5 104.504211 8.833955 4.161470e+00 
6 104.723167 8.693926 4.127638e+00 
7 104.763664 8.611693 4.137681e+00 
8 104.511337 8.415014 4.248293e+00 
9 104.408890 8.417790 4.535090e+00 
10 104.372299 8.507601 4.699825e+00 
11 104.205383 8.436686 4.765468e+00 
12 104.018265 8.582694 4.979252e+00 
13 103.828995 9.073432 5.336214e+00 
14 103.365936 9.344229 5.913569e+00 
15 102.343498 9.090430 6.403284e+00 
16 101.390648 8.786397 6.246212e+00 
17 100.802834 8.540323 5.503127e+00 
18 100.420357 8.316888 4.938248e+00 
19 99.899841 8.054298 4.692783e+00 
20 99.298225 8.001669 4.745795e+00 
21 98.572365 8.200184 4.800096e+00 
22 97.693939 8.322306 4.947134e+00 
23 96.613853 8.654930 5.190806e+00 
24 95.438377 9.019496 5.535968e+00 
25 94.048653 9.236540 5.709663e+00 
26 92.721260 9.404853 5.729995e+00 
27 91.301010 9.750309 5.817060e+00 
28 90.002861 10.124909 6.082700e+00 
29 88.896126 10.483622 6.231643e+00 
30 87.853333 10.821684 6.281853e+00 
31 87.054146 11.048116 6.301316e+00 
32 86.309837 11.052951 6.145675e+00 
33 85.358299 10.982749 5.883674e+00 
34 84.444954 10.676440 5.702775e+00 
35 83.530624 10.453019 5.619309e+00 
36 82.670723 10.159407 5.435584e+00 
37 82.055252 9.843328 5.238679e+00 
38 81.409355 9.596670 5.195533e+00 
39 80.874390 9.416390 5.214533e+00 
40 80.582726 9.328801 5.047303e+00 
TRACK_ID  40
POINT_NUM  15
1 154.120514 0.414227 4.616659e+00 
2 152.450363 0.412521 4.570826e+00 
3 151.671127 1.706231 4.033620e+00 
4 151.601913 1.807490 4.004621e+00 
5 150.616959 2.431014 3.874566e+00 
6 149.643265 3.356731 3.830521e+00 
7 148.312927 3.857931 3.902024e+00 
8 146.941086 3.963196 4.048498e+00 
9 146.201843 4.039082 4.075873e+00 
10 145.356598 4.119807 3.991904e+00 
11 144.435043 4.074881 3.853945e+00 
12 143.871521 4.198064 3.600391e+00 
13 143.176743 4.402761 3.269529e+00 
14 141.887451 4.511082 2.983622e+00 
15 139.745575 4.394590 2.791689e+00 
TRACK_ID  41
POINT_NUM  22
1 149.595398 43.721420 8.024817e+00 
2 152.889114 44.671143 9.282430e+00 
3 155.888443 45.522228 1.023490e+01 
4 158.836975 46.298187 1.056472e+01 
5 161.975296 47.278099 1.027405e+01 
6 164.666656 48.969311 9.484876e+00 
7 166.268860 51.381580 8.495268e+00 
8 167.278046 53.612213 7.323153e+00 
9 167.037811 58.600311 6.567233e+00 
10 166.405670 61.029072 6.382738e+00 
11 168.075485 61.956692 6.476645e+00 
12 169.234787 63.506630 6.725137e+00 
13 169.429398 69.772339 6.545743e+00 
14 167.503479 73.773216 7.573565e+00 
15 164.485275 76.529594 8.259234e+00 
16 162.072235 78.682335 8.429548e+00 
17 159.817200 80.144844 8.210511e+00 
18 158.206177 80.971634 7.966742e+00 
19 159.409271 81.460968 7.699036e+00 
20 163.813095 81.804657 7.113922e+00 
21 170.518997 82.245377 5.955716e+00 
22 173.735672 82.919586 4.397017e+00 
TRACK_ID  42
POINT_NUM  2
1 176.225891 26.083076 1.356752e+00 
2 176.826965 26.208687 1.458691e+00 
TRACK_ID  43
POINT_NUM  6
2 187.377136 50.657318 2.609247e+00 
3 189.447403 52.722870 2.624574e+00 
4 191.107147 55.124680 2.825280e+00 
5 192.627533 57.568977 2.991368e+00 
6 193.882797 59.698696 3.019157e+00 
7 199.091675 58.881641 2.796511e+00 
TRACK_ID  44
POINT_NUM  2
2 90.251251 38.474003 1.674747e+00 
3 90.867577 39.276718 1.188201e+00 
TRACK_ID  45
POINT_NUM  12
2 114.837868 14.928879 2.528139e+00 
3 114.121765 15.071131 2.640170e+00 
4 113.716919 15.219288 2.421141e+00 
5 113.315605 15.583619 2.203064e+00 
6 113.185303 15.275805 2.146744e+00 
7 113.441139 15.618746 2.161372e+00 
8 113.129158 15.964513 2.266896e+00 
9 112.451477 15.513212 2.327313e+00 
10 113.044327 15.483010 2.236958e+00 
11 113.384308 15.441263 2.180877e+00 
12 113.380707 15.961555 2.261667e+00 
13 112.593170 15.370056 2.877208e+00 
TRACK_ID  46
POINT_NUM  3
3 31.352396 1.864568 1.460342e+00 
4 30.897539 1.988114 1.774544e+00 
5 28.303061 1.988392 1.349067e+00 
TRACK_ID  47
POINT_NUM  5
3 142.125748 4.090034 2.785671e+00 
4 140.894699 4.105970 2.871958e+00 
5 140.281189 3.799548 3.086669e+00 
6 139.585709 3.586788 3.273262e+00 
7 138.586639 3.505005 3.256662e+00 
TRACK_ID  48
POINT_NUM  12
3 184.534103 30.284115 1.691425e+00 
4 187.099045 30.885157 2.414880e+00 
5 190.345184 32.150848 3.412426e+00 
6 192.435776 33.416618 4.466389e+00 
7 194.584961 34.853912 5.562012e+00 
8 196.519531 36.122742 5.883775e+00 
9 198.457291 37.137375 6.228865e+00 
10 199.867966 37.579994 6.258534e+00 
11 200.787048 37.687176 5.520358e+00 
12 200.729935 37.526539 4.137105e+00 
13 200.174881 37.573853 2.954183e+00 
14 200.300415 38.121540 1.679680e+00 
TRACK_ID  49
POINT_NUM  23
4 321.684479 31.134794 2.875898e+00 
5 321.861938 29.976078 2.993922e+00 
6 322.686920 29.160221 3.124480e+00 
7 322.969421 28.296993 3.288090e+00 
8 321.834198 26.421082 3.192935e+00 
9 321.937836 25.448177 3.039176e+00 
10 322.114136 24.969292 2.900677e+00 
11 322.216736 24.562143 2.702088e+00 
12 322.994598 24.347927 2.451805e+00 
13 324.223328 24.293879 2.231963e+00 
14 325.305389 24.051863 2.117349e+00 
15 326.197327 23.167496 2.081981e+00 
16 326.720032 21.897377 1.982603e+00 
17 327.154114 21.192663 2.014076e+00 
18 327.269104 20.925301 2.027784e+00 
19 327.353851 20.438046 2.067106e+00 
20 327.487061 19.986296 1.972674e+00 
21 327.659088 19.954960 1.677704e+00 
22 327.760590 19.887177 1.561972e+00 
23 327.109222 19.512463 1.498314e+00 
24 325.662994 19.387369 1.378767e+00 
25 323.738037 19.429155 1.213856e+00 
26 322.094147 19.091812 1.025270e+00 
TRACK_ID  50
POINT_NUM  10
5 52.271477 29.425068 1.507340e+00 
6 53.548012 29.242912 1.434753e+00 
7 52.702198 28.239674 1.654383e+00 
8 51.775314 27.687395 1.919541e+00 
9 51.441170 27.473930 1.967352e+00 
10 51.362545 27.245819 1.846020e+00 
11 51.202614 26.747524 1.996379e+00 
12 51.403160 26.397882 2.043881e+00 
13 51.287025 25.833712 1.777337e+00 
14 50.869267 25.537106 1.369088e+00 
TRACK_ID  51
POINT_NUM  4
4 161.248367 33.596863 2.477033e+00 
5 164.323822 33.028816 3.677040e+00 
6 168.080322 34.367722 4.653418e+00 
7 171.675735 37.017330 5.363577e+00 
TRACK_ID  52
POINT_NUM  3
5 301.580078 46.910843 2.267470e+00 
6 309.574493 48.102524 2.292959e+00 
7 314.262909 48.067345 1.782830e+00 
TRACK_ID  53
POINT_NUM  4
5 264.366089 76.647873 2.304247e+00 
6 259.850525 75.056190 2.555330e+00 
7 258.517639 73.588615 2.846408e+00 
8 258.779236 71.874359 2.767775e+00 
TRACK_ID  54
POINT_NUM  5
5 27.288378 59.520504 2.959160e+00 
6 33.553917 60.503933 2.635340e+00 
7 38.042397 60.658123 2.341126e+00 
8 42.429134 60.715393 2.166451e+00 
9 46.832729 60.612896 1.680537e+00 
TRACK_ID  55
POINT_NUM  37
4 51.762394 29.188101 1.525662e+00 
5 58.867050 30.639597 1.306413e+00 
6 61.988098 32.070065 1.744777e+00 
7 62.613510 32.219482 2.230486e+00 
8 63.314495 32.109253 1.699786e+00 
9 65.386444 34.939674 1.307710e+00 
10 66.162613 34.311302 1.707268e+00 
11 65.776474 32.094643 1.797413e+00 
12 65.672234 31.078970 1.403972e+00 
13 65.858261 33.195156 1.614285e+00 
14 66.783058 32.683228 2.415799e+00 
15 67.692535 32.155746 2.825428e+00 
16 67.270760 30.721411 2.953771e+00 
17 66.556290 30.425678 3.452286e+00 
18 67.258636 30.648458 4.569751e+00 
19 67.943176 30.303307 5.840169e+00 
20 68.529266 29.656183 6.698175e+00 
21 69.469688 29.501629 6.654804e+00 
22 70.730820 29.838913 6.510667e+00 
23 72.046898 30.224874 5.328790e+00 
24 72.239006 30.219337 4.267009e+00 
25 72.247765 29.681778 3.102720e+00 
26 72.590561 28.777567 2.404539e+00 
27 73.164970 28.697325 2.233953e+00 
28 73.972839 28.778339 2.067684e+00 
29 74.609047 28.888033 1.541361e+00 
30 75.651382 29.757374 1.509973e+00 
31 75.095284 30.123770 1.924458e+00 
32 74.350143 30.612553 2.148495e+00 
33 73.713417 31.559200 1.806427e+00 
34 73.078026 31.842005 1.630262e+00 
35 73.092514 31.126875 2.072246e+00 
36 73.591240 30.754416 2.111377e+00 
37 73.949104 31.071781 1.469055e+00 
38 74.659729 31.536156 1.365461e+00 
39 74.238792 31.194279 1.783840e+00 
40 73.237770 31.537148 1.958594e+00 
TRACK_ID  56
POINT_NUM  26
5 262.210083 37.782398 1.274509e+00 
6 264.894775 38.629414 2.663268e+00 
7 268.776337 40.091568 2.939430e+00 
8 273.901794 41.673370 2.771277e+00 
9 279.258087 43.126606 2.837358e+00 
10 284.275574 45.012711 3.426628e+00 
11 291.175751 46.392834 3.468701e+00 
12 296.558868 47.504204 4.905508e+00 
13 301.914856 48.989853 5.885916e+00 
14 308.532593 50.688347 7.049924e+00 
15 313.825470 52.021076 8.477304e+00 
16 317.860168 53.720104 9.603162e+00 
17 320.424164 54.785179 1.070177e+01 
18 322.014587 55.509087 1.127997e+01 
19 323.285858 56.082329 1.139871e+01 
20 324.072540 56.435425 1.105822e+01 
21 325.245117 56.581467 1.003425e+01 
22 326.800781 56.438362 8.516545e+00 
23 329.118774 56.623844 7.093477e+00 
24 331.315460 57.431633 5.577434e+00 
25 332.387085 59.560932 3.907066e+00 
26 332.795074 62.507114 3.381114e+00 
27 339.481384 66.924393 3.206864e+00 
28 342.326965 68.936310 3.572271e+00 
29 344.679260 71.510788 3.551077e+00 
30 347.172516 74.893654 3.400493e+00 
TRACK_ID  57
POINT_NUM  14
5 85.264557 37.314869 1.341873e+00 
6 86.600716 37.485851 1.785042e+00 
7 88.716255 37.966976 2.208208e+00 
8 88.267471 38.234684 1.912713e+00 
9 87.522346 38.180157 1.975439e+00 
10 88.613647 38.322083 2.313256e+00 
11 89.967003 39.158478 2.752641e+00 
12 90.925949 40.218307 2.567728e+00 
13 89.299866 42.833843 2.257710e+00 
14 91.303200 42.401257 2.533940e+00 
15 91.656296 40.904404 2.509167e+00 
16 91.264191 40.480682 2.366669e+00 
17 89.015602 39.493874 1.937692e+00 
18 88.044296 38.579731 2.193355e+00 
TRACK_ID  58
POINT_NUM  23
5 162.247101 0.398237 2.057187e+00 
6 161.657608 1.717407 1.900318e+00 
7 161.811188 1.878117 2.045615e+00 
8 162.564453 2.044306 2.107094e+00 
9 163.057800 2.253939 2.208731e+00 
10 164.152512 1.957439 2.338681e+00 
11 164.288956 1.921621 2.518691e+00 
12 164.211258 1.831424 2.673972e+00 
13 163.341476 0.846856 3.011274e+00 
14 160.903198 0.832685 3.413908e+00 
15 159.871872 0.397002 4.002430e+00 
16 160.863663 0.795793 4.134751e+00 
17 160.887711 0.800340 4.375732e+00 
18 162.240509 0.382307 4.764308e+00 
19 162.248825 0.397389 4.700820e+00 
20 162.255646 0.417387 4.435995e+00 
21 161.735382 1.716269 3.755495e+00 
22 161.636124 1.786908 3.617372e+00 
23 159.479889 1.759830 3.579892e+00 
24 159.393341 1.796690 3.550310e+00 
25 159.994629 1.994848 3.477899e+00 
26 161.601944 2.122107 3.313286e+00 
27 162.838654 2.442093 3.169151e+00 
TRACK_ID  59
POINT_NUM  20
6 294.789917 77.849190 2.609087e+00 
7 294.701447 77.390656 5.022437e+00 
8 291.872101 77.674362 6.595406e+00 
9 288.930542 77.944145 7.087029e+00 
10 284.593018 77.925262 6.854750e+00 
11 278.707458 77.188507 6.596664e+00 
12 274.044830 76.336815 6.510976e+00 
13 270.827545 75.308464 6.321603e+00 
14 267.883331 73.993607 5.873377e+00 
15 265.537079 72.204803 5.295750e+00 
16 264.535645 68.895134 4.809421e+00 
17 265.458801 66.072090 4.502387e+00 
18 266.402618 64.196053 4.152971e+00 
19 265.728088 61.340164 3.736052e+00 
20 267.100983 59.944725 3.450903e+00 
21 269.017242 59.301849 3.160577e+00 
22 271.227692 59.287018 2.833278e+00 
23 272.463715 57.334862 2.332295e+00 
24 274.002930 54.886936 1.742934e+00 
25 276.220062 51.889038 1.421221e+00 
TRACK_ID  60
POINT_NUM  9
6 20.472984 47.216965 3.706075e+00 
7 22.901163 48.631767 3.723000e+00 
8 23.231392 49.993473 3.638161e+00 
9 22.983927 51.232414 3.755036e+00 
10 22.255739 51.999645 3.539716e+00 
11 21.327263 52.276676 3.284155e+00 
12 20.222731 52.367207 2.848242e+00 
13 18.773432 52.391209 2.171536e+00 
14 16.860994 52.138218 1.412190e+00 
TRACK_ID  61
POINT_NUM  2
6 57.267689 62.305805 1.743999e+00 
7 58.664349 60.707298 1.324083e+00 
TRACK_ID  62
POINT_NUM  8
6 69.395638 2.100882 1.181385e+00 
7 67.760101 2.184104 1.190492e+00 
8 67.434166 2.236460 1.224484e+00 
9 66.155853 2.153276 1.205089e+00 
10 65.244675 1.793929 1.155582e+00 
11 64.887177 1.792817 1.135642e+00 
12 63.913025 1.939331 1.079890e+00 
13 63.256355 1.723478 1.027604e+00 
TRACK_ID  63
POINT_NUM  13
7 255.025208 7.239162 2.696280e+00 
8 252.722473 7.228182 2.592387e+00 
9 251.223434 7.208649 2.610279e+00 
10 250.335037 7.126933 2.655481e+00 
11 249.564209 7.032448 2.730786e+00 
12 248.297867 6.964472 2.639256e+00 
13 246.886520 6.754355 2.540595e+00 
14 245.226883 6.566485 2.459441e+00 
15 243.942337 6.545259 2.331963e+00 
16 242.491104 6.595517 1.951593e+00 
17 240.617676 6.616033 1.568335e+00 
18 238.648331 6.897008 1.335832e+00 
19 236.886337 7.841488 1.116249e+00 
TRACK_ID  64
POINT_NUM  3
7 9.194642 5.651552 1.079170e+00 
8 9.215924 5.396873 1.246523e+00 
9 8.579381 5.072251 1.223172e+00 
TRACK_ID  65
POINT_NUM  4
7 4.015555 28.990438 1.271880e+00 
8 6.833953 28.617804 1.643499e+00 
9 10.083521 29.054161 1.616772e+00 
10 14.405868 29.522005 1.770073e+00 
TRACK_ID  66
POINT_NUM  2
7 31.171282 1.810516 1.232831e+00 
8 29.596920 1.956829 1.538575e+00 
TRACK_ID  67
POINT_NUM  28
7 203.987732 51.255230 2.798406e+00 
8 207.461227 51.483124 3.837916e+00 
9 211.064713 50.583534 4.856944e+00 
10 214.938370 49.234154 5.897866e+00 
11 218.785934 48.533432 6.659641e+00 
12 222.165375 48.638065 7.605762e+00 
13 224.305801 49.196331 8.594657e+00 
14 225.065857 49.638733 9.203688e+00 
15 224.427902 49.844498 9.283590e+00 
16 224.236282 49.352982 8.801415e+00 
17 224.479874 48.446663 8.303304e+00 
18 224.915115 46.747147 7.861365e+00 
19 225.501404 44.861782 7.524959e+00 
20 226.334747 43.456573 7.202809e+00 
21 227.312225 42.669930 6.951861e+00 
22 228.169205 42.491142 6.635854e+00 
23 228.418381 43.202953 6.369419e+00 
24 228.232925 44.084320 6.207598e+00 
25 227.351013 44.307186 5.826958e+00 
26 226.028717 43.576073 5.470111e+00 
27 225.324646 42.515617 5.444438e+00 
28 225.586609 42.298981 5.274329e+00 
29 225.533981 42.368000 4.853892e+00 
30 224.553833 42.254841 4.420148e+00 
31 225.012924 42.145176 4.371073e+00 
32 226.946228 42.450466 4.630875e+00 
33 228.991562 42.507023 4.574035e+00 
34 230.917404 42.836937 3.801233e+00 
TRACK_ID  68
POINT_NUM  2
7 138.906036 56.689667 1.748189e+00 
8 141.225769 56.410294 1.506350e+00 
TRACK_ID  69
POINT_NUM  7
7 94.491158 7.068226 2.123672e+00 
8 92.515038 6.846568 2.183219e+00 
9 91.722725 6.563810 2.217176e+00 
10 92.046013 6.464944 2.235667e+00 
11 92.544632 6.503266 2.314383e+00 
12 92.392807 6.439416 2.353742e+00 
13 92.649223 6.604041 2.332101e+00 
TRACK_ID  70
POINT_NUM  19
8 238.345169 10.051785 1.475595e+00 
9 237.989166 10.053688 1.519191e+00 
10 237.357758 10.284762 1.639639e+00 
11 236.276459 10.609879 1.697935e+00 
12 235.315430 10.858324 1.673433e+00 
13 233.236069 10.666205 1.705233e+00 
14 232.533905 10.532223 1.667027e+00 
15 230.374496 10.255119 1.640265e+00 
16 229.810226 10.173626 1.679367e+00 
17 228.859497 9.849364 1.605032e+00 
18 227.158768 9.682560 1.505878e+00 
19 225.679306 10.099072 1.402775e+00 
20 224.897125 10.813457 1.257508e+00 
21 224.284378 11.642540 1.140040e+00 
22 224.067719 12.105874 1.121133e+00 
23 222.913422 12.126580 1.128756e+00 
24 221.170364 11.935441 1.202687e+00 
25 220.271271 12.149475 1.219138e+00 
26 220.037262 12.433228 1.097787e+00 
TRACK_ID  71
POINT_NUM  2
8 18.311680 15.540975 1.094598e+00 
9 18.308792 15.781432 1.222261e+00 
TRACK_ID  72
POINT_NUM  3
8 257.071198 24.628771 1.219432e+00 
9 256.980682 25.635689 1.051802e+00 
10 257.693909 28.416737 1.116909e+00 
TRACK_ID  73
POINT_NUM  2
8 265.629089 50.078285 2.895830e+00 
9 268.686768 49.179638 2.656409e+00 
TRACK_ID  74
POINT_NUM  3
8 234.652634 51.384449 3.937917e+00 
9 237.343002 50.669052 3.071891e+00 
10 241.525620 49.502541 1.943685e+00 
TRACK_ID  75
POINT_NUM  1
8 122.056374 46.326412 7.872233e+00 
TRACK_ID  76
POINT_NUM  8
8 129.920181 28.513798 1.042082e+00 
9 131.819199 30.047695 2.007920e+00 
10 133.441498 29.864336 2.297854e+00 
11 135.030319 29.520639 2.086847e+00 
12 136.964966 29.344948 1.795995e+00 
13 139.156647 28.965647 2.002524e+00 
14 142.351456 30.242563 1.936239e+00 
15 146.451828 34.020592 3.007594e+00 
TRACK_ID  77
POINT_NUM  12
8 135.580292 4.173638 3.243407e+00 
9 133.775375 4.299158 3.225594e+00 
10 132.046555 4.121359 3.014364e+00 
11 131.155960 3.732083 2.933575e+00 
12 130.386322 3.584448 2.992594e+00 
13 129.847748 3.593011 3.025566e+00 
14 129.481018 3.355176 3.195200e+00 
15 129.214371 3.286883 3.401605e+00 
16 129.097702 3.190529 3.521123e+00 
17 129.108063 3.164987 3.507103e+00 
18 128.851425 3.278684 3.313778e+00 
19 128.595444 3.658994 3.049608e+00 
TRACK_ID  78
POINT_NUM  8
9 86.148964 70.247192 5.211621e+00 
10 86.448448 69.259056 4.891523e+00 
11 91.227615 65.781670 4.209183e+00 
12 98.283867 62.357040 4.392568e+00 
13 100.604485 60.688560 4.207666e+00 
14 103.726402 59.464638 3.242202e+00 
15 104.880363 59.603348 2.475039e+00 
16 105.739120 59.051445 1.542405e+00 
TRACK_ID  79
POINT_NUM  4
9 71.800758 44.881378 2.227797e+00 
10 75.499466 45.479271 2.313702e+00 
11 78.326370 46.603931 2.531376e+00 
12 80.435669 47.175442 2.387628e+00 
TRACK_ID  80
POINT_NUM  2
9 173.015808 48.409271 7.036992e+00 
10 173.080093 51.897301 6.854545e+00 
TRACK_ID  81
POINT_NUM  2
9 125.623680 63.555897 1.921721e+00 
10 127.303795 63.768639 1.297793e+00 
TRACK_ID  82
POINT_NUM  1
10 284.914032 45.780819 3.297781e+00 
TRACK_ID  83
POINT_NUM  11
10 179.619980 36.285351 3.852018e+00 
11 181.728607 34.615208 4.757346e+00 
12 183.418823 35.391056 5.477279e+00 
13 184.664154 37.205631 6.184061e+00 
14 185.383728 39.192123 6.913567e+00 
15 185.314209 41.257477 7.445828e+00 
16 184.991592 42.083073 7.601326e+00 
17 184.248367 42.072029 7.150837e+00 
18 183.134949 41.572323 5.972554e+00 
19 183.342453 40.417706 4.942813e+00 
20 184.582153 39.637531 4.266517e+00 
TRACK_ID  84
POINT_NUM  13
11 269.495026 5.532374 1.759839e+00 
12 269.611389 5.262222 1.657058e+00 
13 269.274994 4.923541 1.651588e+00 
14 268.871643 4.751359 1.648295e+00 
15 269.433624 4.763704 1.592008e+00 
16 269.819427 5.340245 1.510647e+00 
17 269.578735 6.440370 1.632320e+00 
18 268.829285 6.894889 1.778465e+00 
19 268.058350 7.215595 1.780530e+00 
20 267.227234 7.798441 1.849946e+00 
21 266.335571 7.991579 2.098025e+00 
22 264.792236 7.676127 2.247023e+00 
23 262.737518 7.528444 2.217737e+00 
TRACK_ID  85
POINT_NUM  2
11 299.814362 56.990562 1.641689e+00 
12 300.054565 57.506821 1.527479e+00 
TRACK_ID  86
POINT_NUM  2
11 274.719055 48.688393 2.577091e+00 
12 278.303253 48.812351 1.961275e+00 
TRACK_ID  87
POINT_NUM  6
11 253.416885 46.934586 1.776259e+00 
12 257.262543 45.902168 1.873026e+00 
13 261.623322 44.894012 2.318139e+00 
14 264.876343 44.960171 2.702274e+00 
15 268.258087 45.460407 3.052818e+00 
16 271.706451 45.248791 3.467867e+00 
TRACK_ID  88
POINT_NUM  2
11 29.474312 1.920524 1.395516e+00 
12 28.269167 1.790736 1.783125e+00 
TRACK_ID  89
POINT_NUM  22
11 247.211746 34.790771 2.479409e+00 
12 252.481232 34.095928 2.613877e+00 
13 256.142426 34.110085 3.243424e+00 
14 261.347473 34.671204 3.955241e+00 
15 266.421448 35.320389 4.295233e+00 
16 272.527557 36.491440 4.501202e+00 
17 278.155487 37.850723 5.594864e+00 
18 283.928558 38.932121 7.533316e+00 
19 288.916382 40.589920 9.480689e+00 
20 293.365234 42.567024 1.106890e+01 
21 297.487183 44.952419 1.229908e+01 
22 300.487610 47.023438 1.287932e+01 
23 302.559509 48.651077 1.246138e+01 
24 304.812683 49.700104 1.108418e+01 
25 307.185638 50.629478 9.780864e+00 
26 309.599823 51.364803 8.754685e+00 
27 312.378418 52.043285 8.230529e+00 
28 315.286957 52.800297 7.350938e+00 
29 318.827637 53.960438 6.440567e+00 
30 322.870117 55.404160 5.786791e+00 
31 326.598938 57.278805 4.883788e+00 
32 329.128113 60.060364 3.813009e+00 
TRACK_ID  90
POINT_NUM  2
11 74.320038 9.606688 1.078780e+00 
12 72.255600 9.976534 1.153596e+00 
TRACK_ID  91
POINT_NUM  4
12 358.961945 74.680489 3.543856e+00 
13 358.712219 74.321075 4.071197e+00 
14 0.746169 74.581169 4.788648e+00 
15 9.308936 74.919472 4.878683e+00 
TRACK_ID  92
POINT_NUM  6
12 9.530345 5.791634 1.193250e+00 
13 9.516695 5.629403 1.233959e+00 
14 9.754475 5.868309 1.104401e+00 
15 10.165348 6.250342 1.137421e+00 
16 10.675788 6.210039 1.233346e+00 
17 10.507216 6.149995 1.060704e+00 
TRACK_ID  93
POINT_NUM  6
12 17.820431 17.199663 1.112579e+00 
13 17.543877 17.601234 1.276949e+00 
14 16.586039 16.928419 1.124400e+00 
15 16.384155 16.493576 1.219722e+00 
16 15.118762 16.535515 1.404135e+00 
17 13.828560 16.797365 1.481776e+00 
TRACK_ID  94
POINT_NUM  11
12 245.329498 27.413824 1.557592e+00 
13 245.144241 26.819210 1.479488e+00 
14 246.407822 27.151230 1.296714e+00 
15 247.352005 27.111877 1.429941e+00 
16 247.127029 26.686451 1.591930e+00 
17 247.064560 26.964535 1.667825e+00 
18 247.453201 27.624258 1.470750e+00 
19 246.059036 27.821903 1.638641e+00 
20 245.005753 28.090256 1.764376e+00 
21 245.789093 29.636892 1.513878e+00 
22 246.382065 31.489157 1.491285e+00 
TRACK_ID  95
POINT_NUM  2
12 178.641174 48.749458 3.945932e+00 
13 181.196884 46.911858 3.963397e+00 
TRACK_ID  96
POINT_NUM  11
13 24.805208 2.001598 1.715060e+00 
14 24.575420 1.964440 1.420979e+00 
15 25.049454 1.837563 1.601305e+00 
16 26.387642 1.788190 2.026663e+00 
17 24.593439 1.807928 2.100113e+00 
18 23.217134 0.912468 1.679716e+00 
19 24.760714 1.697267 1.681250e+00 
20 25.010191 1.679433 2.013933e+00 
21 24.021433 2.041801 1.960404e+00 
22 23.237606 0.883048 1.548841e+00 
23 24.206469 0.369987 1.789544e+00 
TRACK_ID  97
POINT_NUM  27
14 293.360962 21.281078 1.136119e+00 
15 293.286560 21.091141 1.359437e+00 
16 293.057404 20.762524 1.481946e+00 
17 292.684052 20.376125 1.519791e+00 
18 292.208069 20.038599 1.552849e+00 
19 291.795502 20.116154 1.529651e+00 
20 291.381561 20.330786 1.514140e+00 
21 290.783722 20.245457 1.460506e+00 
22 290.138153 20.265030 1.486082e+00 
23 290.566162 20.473957 1.455477e+00 
24 293.710815 20.604977 1.578370e+00 
25 294.330170 20.630974 1.795033e+00 
26 294.709015 21.015850 1.944190e+00 
27 294.953552 21.443840 2.113180e+00 
28 294.994324 21.364317 2.247988e+00 
29 294.983765 21.535227 2.325201e+00 
30 295.251801 21.969698 2.324804e+00 
31 295.978577 22.454866 2.435704e+00 
32 296.983185 22.459763 2.559884e+00 
33 298.203674 22.715837 2.650872e+00 
34 299.482086 23.080515 2.758427e+00 
35 299.954651 23.206423 2.927135e+00 
36 299.851105 23.456539 2.840248e+00 
37 300.057251 23.903263 2.548458e+00 
38 301.014099 25.053164 2.488521e+00 
39 301.484955 25.927307 2.494831e+00 
40 301.380768 26.395472 2.269232e+00 
TRACK_ID  98
POINT_NUM  6
14 102.383987 36.007992 1.314727e+00 
15 105.311981 37.578831 1.526935e+00 
16 109.566414 36.070698 1.643542e+00 
17 113.804497 35.051388 1.893386e+00 
18 116.643707 33.673046 2.152926e+00 
19 120.174095 34.013798 1.741613e+00 
TRACK_ID  99
POINT_NUM  6
14 165.755478 62.562096 4.491646e+00 
15 167.438644 63.398663 3.890807e+00 
16 170.242020 64.920341 3.122873e+00 
17 182.035477 67.998840 2.573013e+00 
18 188.683868 69.000870 2.345539e+00 
19 197.049606 69.101913 1.748826e+00 
TRACK_ID  100
POINT_NUM  9
14 186.392258 27.817572 3.602327e+00 
15 188.473877 28.385912 4.871878e+00 
16 190.223511 29.539740 5.860974e+00 
17 191.270889 30.962603 6.212783e+00 
18 191.785217 32.092319 6.069273e+00 
19 191.987076 32.545757 5.600647e+00 
20 192.435364 32.059315 5.517680e+00 
21 192.066086 32.625969 5.249675e+00 
22 191.375305 32.453266 4.822946e+00 
TRACK_ID  101
POINT_NUM  2
14 146.654800 39.964775 2.515144e+00 
15 151.373367 42.306450 3.789831e+00 
TRACK_ID  102
POINT_NUM  3
15 316.307312 18.497406 1.355744e+00 
16 313.537201 17.145422 1.216976e+00 
17 310.839966 16.309221 1.085891e+00 
TRACK_ID  103
POINT_NUM  24
15 346.192810 47.776779 5.554575e+00 
16 348.809479 47.431538 5.980273e+00 
17 351.100464 46.897278 5.930953e+00 
18 353.242798 46.077450 5.242100e+00 
19 356.749054 44.019554 4.708260e+00 
20 0.315106 41.155464 4.897934e+00 
21 2.879716 40.269932 5.799456e+00 
22 4.866322 40.084175 6.161276e+00 
23 6.948637 39.630505 6.055935e+00 
24 9.818324 39.165707 5.627288e+00 
25 12.413687 39.290985 5.093474e+00 
26 15.580631 40.747597 4.582431e+00 
27 18.801844 42.755840 4.125085e+00 
28 22.489014 44.724876 4.217785e+00 
29 24.490627 45.806480 4.347394e+00 
30 26.335405 47.096348 4.267548e+00 
31 27.532461 48.036892 4.097038e+00 
32 28.610210 49.130257 4.035736e+00 
33 29.465418 50.987534 4.344297e+00 
34 30.488506 52.077831 4.949342e+00 
35 30.561613 52.679787 5.145527e+00 
36 30.870958 53.092728 4.921418e+00 
37 31.779465 53.706261 4.124655e+00 
38 32.869652 54.269562 3.108363e+00 
TRACK_ID  104
POINT_NUM  2
15 77.056938 48.484367 1.507375e+00 
16 78.595665 48.552429 1.037961e+00 
TRACK_ID  105
POINT_NUM  4
15 112.826988 12.725030 3.174640e+00 
16 112.444420 11.965568 3.157295e+00 
17 111.873680 11.487162 3.014306e+00 
18 111.258430 10.898561 2.795867e+00 
TRACK_ID  106
POINT_NUM  11
16 42.343765 72.501472 5.165795e+00 
17 53.007660 70.962334 5.733507e+00 
18 63.365574 70.045303 6.095401e+00 
19 70.683258 70.967125 6.403903e+00 
20 72.829765 71.161797 6.896126e+00 
21 73.069916 70.107689 7.123306e+00 
22 73.918373 68.078568 6.804963e+00 
23 74.516090 66.033569 6.260579e+00 
24 75.656639 64.095650 5.235187e+00 
25 77.876968 62.371891 4.261173e+00 
26 80.051743 60.641060 3.422987e+00 
TRACK_ID  107
POINT_NUM  7
16 80.159409 63.306416 3.376922e+00 
17 85.249435 61.693264 3.432441e+00 
18 91.242622 60.565178 3.333372e+00 
19 97.823639 59.984318 3.366904e+00 
20 103.483856 59.709557 3.304246e+00 
21 107.337631 59.671421 2.761179e+00 
22 111.064171 59.307373 2.116781e+00 
TRACK_ID  108
POINT_NUM  2
16 29.086229 34.978756 1.481194e+00 
17 31.283312 35.496399 1.505618e+00 
TRACK_ID  109
POINT_NUM  25
16 156.479843 49.600060 4.995922e+00 
17 157.873795 53.301842 6.670287e+00 
18 158.329605 56.570164 7.674885e+00 
19 158.085739 59.736965 7.664352e+00 
20 156.976471 62.737373 6.207995e+00 
21 157.106720 66.077591 4.674751e+00 
22 158.647064 68.566765 4.404778e+00 
23 159.875259 70.502380 4.229822e+00 
24 159.472061 72.459999 4.002247e+00 
25 159.270157 74.509254 3.644430e+00 
26 162.069702 77.211090 3.722552e+00 
27 163.547546 78.699188 4.274126e+00 
28 168.302856 79.734718 4.722802e+00 
29 178.533279 81.163109 4.578740e+00 
30 189.895203 81.760506 4.169360e+00 
31 196.609665 81.345108 4.169174e+00 
32 199.600266 80.854805 4.145063e+00 
33 196.028305 80.751503 4.147402e+00 
34 191.711533 80.365349 4.187770e+00 
35 190.726700 79.780602 4.295453e+00 
36 194.288986 78.861290 4.257749e+00 
37 201.089813 77.517250 4.152555e+00 
38 205.151642 76.442421 4.049635e+00 
39 208.898834 75.363663 3.831038e+00 
40 214.297058 74.313087 3.551972e+00 
TRACK_ID  110
POINT_NUM  3
17 57.184460 1.737897 1.070132e+00 
18 55.306019 0.525890 1.286175e+00 
19 52.582474 0.414657 1.369052e+00 
TRACK_ID  111
POINT_NUM  4
18 307.172607 15.697477 1.044043e+00 
19 305.264709 15.452763 1.073997e+00 
20 303.114807 15.413453 1.117783e+00 
21 301.123016 15.259801 1.040308e+00 
TRACK_ID  112
POINT_NUM  3
18 17.410561 14.790425 1.036708e+00 
19 17.677650 13.904459 1.061995e+00 
20 16.668697 13.661510 1.056323e+00 
TRACK_ID  113
POINT_NUM  5
18 297.640747 68.289513 1.981151e+00 
19 297.588074 69.020264 2.075974e+00 
20 296.910156 69.710495 2.066784e+00 
21 296.879517 70.389977 1.918134e+00 
22 297.534210 70.898163 1.505536e+00 
TRACK_ID  114
POINT_NUM  23
18 249.912766 46.232052 3.276228e+00 
19 252.240311 46.203709 3.735121e+00 
20 256.477692 45.633213 3.607827e+00 
21 261.853058 43.956287 3.845191e+00 
22 264.287903 43.129787 3.776404e+00 
23 267.903290 43.026875 3.449734e+00 
24 272.315796 43.137974 3.280910e+00 
25 277.318359 43.029404 3.347353e+00 
26 282.073486 42.691067 4.155605e+00 
27 286.901794 42.115387 4.511154e+00 
28 291.833435 41.810226 4.765837e+00 
29 297.568268 42.376408 5.165112e+00 
30 303.738068 43.848198 5.521804e+00 
31 309.940460 46.293823 6.195281e+00 
32 315.565887 48.631313 6.500563e+00 
33 320.442322 51.069954 6.355580e+00 
34 325.150574 53.273857 6.577003e+00 
35 329.915833 55.459702 7.271795e+00 
36 334.316376 57.511990 8.317494e+00 
37 337.472839 59.391609 9.278447e+00 
38 338.132660 61.392845 9.374813e+00 
39 337.493896 63.038124 8.942673e+00 
40 337.444122 64.737816 8.509770e+00 
TRACK_ID  115
POINT_NUM  2
18 180.888840 29.249964 1.658408e+00 
19 182.695084 27.317848 2.375583e+00 
TRACK_ID  116
POINT_NUM  3
18 308.156982 80.585205 1.363660e+00 
19 316.998199 81.146431 1.608091e+00 
20 322.487854 81.775894 1.515603e+00 
TRACK_ID  117
POINT_NUM  4
18 161.619400 46.394897 5.025025e+00 
19 164.006577 49.000328 3.875582e+00 
20 166.472336 52.697903 2.199953e+00 
21 168.373520 57.010063 1.653162e+00 
TRACK_ID  118
POINT_NUM  19
19 38.749577 47.149406 2.158697e+00 
20 40.742062 46.793900 2.806442e+00 
21 40.101887 47.213192 3.647769e+00 
22 39.973488 47.227066 4.375788e+00 
23 40.836342 47.091984 4.200388e+00 
24 44.332802 46.378845 3.864631e+00 
25 47.463757 45.417015 3.797891e+00 
26 52.087658 42.722580 3.788261e+00 
27 54.206429 41.442993 4.122341e+00 
28 55.032383 41.446064 4.144556e+00 
29 56.660667 41.201981 4.008738e+00 
30 59.348270 40.842197 3.935738e+00 
31 61.001293 41.062492 4.139721e+00 
32 62.228882 41.450378 4.168017e+00 
33 63.493660 42.072960 3.757612e+00 
34 65.190819 42.760933 3.311167e+00 
35 66.856651 43.557289 2.906420e+00 
36 69.520126 45.003651 2.298249e+00 
37 72.865639 46.539093 1.897168e+00 
TRACK_ID  119
POINT_NUM  3
19 273.744995 64.740738 3.878529e+00 
20 274.995697 64.401131 3.747483e+00 
21 274.728424 63.537258 3.277048e+00 
TRACK_ID  120
POINT_NUM  4
19 127.427773 49.056732 4.300038e+00 
20 127.511368 47.987980 4.099755e+00 
21 129.084503 47.483871 3.226191e+00 
22 131.924072 47.411507 2.084515e+00 
TRACK_ID  121
POINT_NUM  9
19 161.383957 35.696533 2.849561e+00 
20 163.961304 35.320023 2.312060e+00 
21 165.868256 34.369831 2.059679e+00 
22 168.253235 34.166306 2.411324e+00 
23 169.348068 32.998589 2.876247e+00 
24 169.957443 31.060238 2.744277e+00 
25 170.946060 28.527693 2.401227e+00 
26 171.711868 26.506748 1.743232e+00 
27 174.138519 25.313866 1.325445e+00 
TRACK_ID  122
POINT_NUM  9
19 86.180641 5.891984 1.963365e+00 
20 86.228752 5.685710 2.004794e+00 
21 85.864738 5.320140 2.071777e+00 
22 85.065865 4.906900 2.105314e+00 
23 84.142227 4.671116 2.211290e+00 
24 83.296707 4.425446 2.314861e+00 
25 82.703392 4.193549 2.339615e+00 
26 82.595284 4.108755 2.253224e+00 
27 82.232582 3.986310 2.207298e+00 
TRACK_ID  123
POINT_NUM  8
19 121.086685 7.098554 3.260246e+00 
20 120.925743 7.328305 3.443093e+00 
21 121.573486 7.827723 3.643914e+00 
22 121.371727 8.280217 3.898586e+00 
23 120.471024 8.360612 4.028031e+00 
24 119.447517 7.979718 4.037908e+00 
25 118.763466 7.801691 3.931036e+00 
26 117.115623 7.468297 3.916921e+00 
TRACK_ID  124
POINT_NUM  5
19 49.307983 0.602220 1.342639e+00 
20 48.231602 0.663815 1.554693e+00 
21 49.303642 0.597804 1.505360e+00 
22 51.622608 1.547539 1.301073e+00 
23 50.466057 1.678142 1.346192e+00 
TRACK_ID  125
POINT_NUM  1
19 50.368275 0.527053 1.348866e+00 
TRACK_ID  126
POINT_NUM  1
19 54.303699 1.690117 1.198086e+00 
TRACK_ID  127
POINT_NUM  21
20 333.645020 44.792881 2.746733e+00 
21 336.895508 44.236416 3.512054e+00 
22 340.686768 43.973236 4.127416e+00 
23 344.406311 43.908730 4.691194e+00 
24 347.599121 44.081909 4.751872e+00 
25 350.440369 44.159603 4.506432e+00 
26 353.057068 42.633461 4.287621e+00 
27 356.444061 40.305519 4.520410e+00 
28 358.978760 38.840534 5.288195e+00 
29 0.682637 38.172707 5.886614e+00 
30 1.838676 37.644920 5.987250e+00 
31 3.206702 36.817871 6.045672e+00 
32 5.354475 35.689289 5.427139e+00 
33 7.469536 35.272499 4.781896e+00 
34 10.537601 36.328098 4.464244e+00 
35 13.106547 36.649784 4.425757e+00 
36 15.486254 37.804478 4.449444e+00 
37 17.471012 38.987381 4.488803e+00 
38 19.053596 40.035660 4.310235e+00 
39 21.315235 41.987583 4.164999e+00 
40 23.236553 44.126076 4.118339e+00 
TRACK_ID  128
POINT_NUM  2
20 12.639304 5.276049 1.192041e+00 
21 12.409352 4.567548 1.133199e+00 
TRACK_ID  129
POINT_NUM  15
20 183.900879 51.241997 1.874687e+00 
21 182.743469 52.843037 2.398572e+00 
22 182.735764 54.633453 3.046449e+00 
23 182.824600 56.682915 3.514168e+00 
24 183.629562 60.117313 3.762517e+00 
25 185.242279 63.997852 4.272965e+00 
26 189.063812 66.874565 5.203669e+00 
27 197.946671 69.016083 5.518154e+00 
28 212.819290 70.126022 5.833620e+00 
29 223.790573 69.130081 5.678861e+00 
30 231.489929 67.806747 4.723142e+00 
31 237.967453 65.498505 3.392420e+00 
32 243.747253 61.500996 2.824729e+00 
33 246.801315 59.678570 2.469934e+00 
34 249.716110 58.386467 2.062578e+00 
TRACK_ID  130
POINT_NUM  13
20 235.109985 79.524399 4.242864e+00 
21 245.817505 78.696701 4.967820e+00 
22 248.417023 78.675873 5.366489e+00 
23 247.547867 78.375160 5.417479e+00 
24 250.228653 76.833000 4.928329e+00 
25 257.128357 71.760117 4.390790e+00 
26 260.332855 69.295242 3.960265e+00 
27 261.710358 66.528740 3.365393e+00 
28 264.405457 63.352100 3.125296e+00 
29 266.884979 61.650547 3.188604e+00 
30 268.812805 60.832088 3.120192e+00 
31 270.569153 60.218933 2.774757e+00 
32 272.448242 59.116024 2.325264e+00 
TRACK_ID  131
POINT_NUM  3
21 248.274338 45.897331 2.247592e+00 
22 247.109467 45.205849 1.607027e+00 
23 245.900040 44.856228 1.145184e+00 
TRACK_ID  132
POINT_NUM  12
21 137.601532 40.067738 3.705682e+00 
22 142.293716 41.778042 4.946658e+00 
23 147.696442 45.111721 6.011255e+00 
24 150.919205 48.426292 7.351314e+00 
25 153.015396 51.904110 7.932331e+00 
26 154.219269 55.559208 8.306096e+00 
27 154.492432 59.308182 8.064717e+00 
28 155.058167 62.779442 6.930727e+00 
29 158.765778 67.310471 5.589598e+00 
30 165.562637 70.918938 5.182814e+00 
31 171.612366 72.719109 4.093881e+00 
32 178.654709 74.094521 3.282715e+00 
TRACK_ID  133
POINT_NUM  4
21 62.732170 10.793625 1.091902e+00 
22 61.574532 10.080707 1.062099e+00 
23 59.885365 8.935100 1.056149e+00 
24 58.318119 7.881851 1.089294e+00 
TRACK_ID  134
POINT_NUM  3
22 287.065430 54.602974 1.609677e+00 
23 286.448669 55.985584 1.329528e+00 
24 283.662964 57.671879 1.253999e+00 
TRACK_ID  135
POINT_NUM  11
22 234.218460 12.533003 1.050560e+00 
23 232.825455 13.542950 1.240119e+00 
24 233.048080 14.254357 1.511308e+00 
25 233.437912 14.815310 1.769788e+00 
26 233.383270 15.342702 1.772734e+00 
27 232.606247 16.030199 1.681689e+00 
28 231.590103 16.423052 1.696512e+00 
29 230.600174 16.251652 1.647935e+00 
30 230.114182 16.497169 1.439455e+00 
31 229.053696 17.199209 1.207324e+00 
32 227.505798 16.845350 1.096044e+00 
TRACK_ID  136
POINT_NUM  2
22 181.155151 1.383669 1.019903e+00 
23 181.191330 1.382928 1.019086e+00 
TRACK_ID  137
POINT_NUM  2
23 30.298040 0.647169 1.915539e+00 
24 30.279976 0.637299 2.456872e+00 
TRACK_ID  138
POINT_NUM  2
23 41.472630 33.878681 1.156847e+00 
24 42.459679 33.512775 1.296072e+00 
TRACK_ID  139
POINT_NUM  4
23 79.410355 54.822163 2.614428e+00 
24 79.390205 53.368816 1.890475e+00 
25 76.465012 52.108139 1.997332e+00 
26 78.543640 51.640213 2.138897e+00 
TRACK_ID  140
POINT_NUM  12
23 140.514511 4.778109 2.256534e+00 
24 141.406921 4.824615 2.454788e+00 
25 142.108734 4.793269 2.639214e+00 
26 142.778915 4.659291 2.726544e+00 
27 143.283569 4.449737 2.702865e+00 
28 143.191956 4.348480 2.692042e+00 
29 142.349365 4.304643 2.707053e+00 
30 141.420609 4.140799 2.693000e+00 
31 141.126328 3.823282 2.625945e+00 
32 142.082275 3.284352 2.468510e+00 
33 143.844818 2.993128 2.315044e+00 
34 144.866241 2.855000 2.121828e+00 
TRACK_ID  141
POINT_NUM  4
24 297.894867 12.958494 1.048568e+00 
25 297.276794 12.992417 1.198826e+00 
26 296.938995 13.126263 1.253636e+00 
27 296.235352 13.590348 1.211824e+00 
TRACK_ID  142
POINT_NUM  7
24 259.520447 7.440726 1.984897e+00 
25 256.770660 7.173309 1.849619e+00 
26 255.118652 6.964612 1.748198e+00 
27 253.817657 6.957930 1.583701e+00 
28 252.574432 6.889264 1.381773e+00 
29 250.311111 6.988972 1.268541e+00 
30 248.033539 7.504910 1.200109e+00 
TRACK_ID  143
POINT_NUM  2
24 139.916672 83.072327 1.856306e+00 
25 134.104050 82.868553 1.354205e+00 
TRACK_ID  144
POINT_NUM  2
24 181.574265 41.101986 4.306015e+00 
25 180.329117 39.986202 4.234163e+00 
TRACK_ID  145
POINT_NUM  2
24 103.524162 60.284237 2.567599e+00 
25 105.891106 60.533169 2.173206e+00 
TRACK_ID  146
POINT_NUM  1
25 333.951538 65.567253 3.783641e+00 
TRACK_ID  147
POINT_NUM  3
25 24.231003 0.324277 2.285990e+00 
26 24.209307 0.307942 1.898416e+00 
27 24.220743 0.304734 1.939074e+00 
TRACK_ID  148
POINT_NUM  16
25 264.327576 7.247239 1.732802e+00 
26 263.737091 7.127971 1.756074e+00 
27 262.336639 7.117837 1.739935e+00 
28 261.234009 7.173148 1.661941e+00 
29 260.837769 7.205965 1.633835e+00 
30 260.202362 7.178680 1.667995e+00 
31 258.962311 7.083860 1.700209e+00 
32 257.512177 7.030765 1.665348e+00 
33 256.316132 6.876040 1.668462e+00 
34 255.134995 6.805593 1.654788e+00 
35 253.420288 6.736799 1.712286e+00 
36 251.859528 6.712885 1.674579e+00 
37 249.863266 6.852450 1.642263e+00 
38 248.160904 6.986032 1.536663e+00 
39 246.581543 7.182891 1.473201e+00 
40 245.532257 7.506247 1.406333e+00 
TRACK_ID  149
POINT_NUM  2
25 262.840363 35.946301 1.310341e+00 
26 261.560791 34.137829 1.391196e+00 
TRACK_ID  150
POINT_NUM  9
25 51.924309 3.545790 1.253154e+00 
26 52.262356 4.153561 1.268067e+00 
27 49.976208 3.199786 1.383095e+00 
28 48.193005 2.020792 1.474014e+00 
29 48.276333 1.864120 1.248486e+00 
30 49.326691 1.874230 1.122741e+00 
31 47.148220 0.750194 1.499629e+00 
32 46.076630 0.758457 1.742420e+00 
33 46.082500 0.736152 1.478870e+00 
TRACK_ID  151
POINT_NUM  2
26 21.888868 0.458069 1.719563e+00 
27 21.886316 0.451605 1.736542e+00 
TRACK_ID  152
POINT_NUM  2
26 105.177620 29.806702 1.609589e+00 
27 106.236328 30.286938 2.152232e+00 
TRACK_ID  153
POINT_NUM  2
26 182.167343 1.485609 1.040095e+00 
27 182.066528 1.677577 1.128769e+00 
TRACK_ID  154
POINT_NUM  2
27 28.701706 0.667326 1.816610e+00 
28 28.690168 0.659155 2.313892e+00 
TRACK_ID  155
POINT_NUM  14
27 248.304916 47.115967 2.734762e+00 
28 254.621323 47.074368 3.600689e+00 
29 260.457794 46.397270 4.969202e+00 
30 264.585114 45.745216 5.684661e+00 
31 269.417542 45.568886 5.932191e+00 
32 274.556885 45.494442 6.211386e+00 
33 279.477905 45.694050 6.038701e+00 
34 284.574402 46.467587 5.597204e+00 
35 290.194855 47.016922 5.533889e+00 
36 295.764496 48.071522 5.923773e+00 
37 300.309387 50.288086 6.647077e+00 
38 303.839233 52.969498 6.954515e+00 
39 306.322632 55.368420 7.642694e+00 
40 307.822021 56.971130 8.191671e+00 
TRACK_ID  156
POINT_NUM  7
27 179.824814 49.167496 2.245549e+00 
28 179.328491 51.520588 2.080617e+00 
29 179.002747 54.542583 2.381181e+00 
30 180.014374 57.467293 3.207805e+00 
31 183.420212 59.949963 3.261238e+00 
32 188.380203 61.901169 3.134145e+00 
33 193.226944 62.869164 2.506792e+00 
TRACK_ID  157
POINT_NUM  2
27 158.729034 45.839405 1.707770e+00 
28 159.968201 47.559975 1.318149e+00 
TRACK_ID  158
POINT_NUM  14
27 113.768837 6.537144 4.137356e+00 
28 112.455032 6.162464 4.406175e+00 
29 110.732399 5.609240 4.454967e+00 
30 109.651939 5.135527 4.713377e+00 
31 108.932190 5.244695 4.828024e+00 
32 108.310944 5.539649 4.778039e+00 
33 107.677689 6.018776 4.641347e+00 
34 107.151451 6.179778 4.725080e+00 
35 106.363190 6.243814 4.749101e+00 
36 105.073387 6.273294 4.625030e+00 
37 103.448875 6.306914 4.390060e+00 
38 102.164017 6.310328 4.335003e+00 
39 100.751633 6.242002 4.453609e+00 
40 99.570091 5.883380 4.534787e+00 
TRACK_ID  159
POINT_NUM  6
28 339.238220 10.784456 1.107858e+00 
29 339.328400 10.033276 1.107222e+00 
30 341.545227 10.398224 1.138049e+00 
31 340.954926 9.598372 1.218442e+00 
32 341.009796 8.906351 1.283197e+00 
33 340.870850 8.185456 1.136873e+00 
TRACK_ID  160
POINT_NUM  7
28 254.499237 23.890261 1.497041e+00 
29 253.329987 23.485828 1.574814e+00 
30 252.366852 22.551039 1.433011e+00 
31 252.719162 22.526772 1.437726e+00 
32 253.625168 23.352034 1.753518e+00 
33 252.772263 24.128761 1.618853e+00 
34 250.720856 26.366276 1.204029e+00 
TRACK_ID  161
POINT_NUM  13
28 330.165619 81.709656 2.117210e+00 
29 334.434296 82.329292 3.215637e+00 
30 340.108673 82.463127 3.653150e+00 
31 347.963196 81.652519 4.731660e+00 
32 359.209412 83.014442 5.577214e+00 
33 20.793489 84.125206 5.515185e+00 
34 48.372776 83.946480 5.560780e+00 
35 65.004105 83.250877 6.153789e+00 
36 75.478424 81.892136 6.871228e+00 
37 81.554955 79.915588 7.264093e+00 
38 84.142532 76.928780 7.334837e+00 
39 85.207375 73.633774 7.391245e+00 
40 85.917969 71.126663 6.867226e+00 
TRACK_ID  162
POINT_NUM  3
28 112.428474 81.352974 1.512555e+00 
29 103.941498 79.730705 1.523421e+00 
30 97.265747 77.633392 1.337610e+00 
TRACK_ID  163
POINT_NUM  13
28 157.028961 37.508240 1.480588e+00 
29 154.418335 36.036045 2.105180e+00 
30 153.249405 35.376060 2.803507e+00 
31 153.847534 35.260029 3.239143e+00 
32 153.303955 33.572456 3.004932e+00 
33 153.404404 31.941706 2.910486e+00 
34 154.538513 30.481396 3.062616e+00 
35 155.907745 29.870317 3.476702e+00 
36 157.364258 30.065134 3.771086e+00 
37 158.843430 31.020065 4.140455e+00 
38 160.178894 32.509300 5.009859e+00 
39 160.907623 34.101936 5.916691e+00 
40 161.025223 35.559013 6.693163e+00 
TRACK_ID  164
POINT_NUM  9
28 166.154694 2.482519 3.075664e+00 
29 168.957275 2.191584 3.107798e+00 
30 170.894211 1.859023 3.109138e+00 
31 172.462646 1.587835 3.052501e+00 
32 174.076981 1.413370 2.972971e+00 
33 175.429062 1.402105 2.880261e+00 
34 176.290421 1.668218 2.745929e+00 
35 176.515640 2.267785 2.577123e+00 
36 175.976868 2.785831 2.486809e+00 
TRACK_ID  165
POINT_NUM  13
28 156.321655 2.369593 3.078371e+00 
29 157.467987 2.261349 3.063820e+00 
30 157.672668 2.194107 3.117394e+00 
31 159.160599 2.142680 3.149429e+00 
32 160.181946 2.131279 3.167760e+00 
33 161.767670 1.895789 3.201779e+00 
34 162.914001 2.026473 3.150728e+00 
35 164.331879 1.743851 3.129551e+00 
36 166.155106 0.865740 3.170918e+00 
37 166.219025 0.831080 3.236517e+00 
38 168.315842 1.340264 3.023478e+00 
39 169.903412 1.597625 3.044987e+00 
40 170.615463 1.879041 3.085382e+00 
TRACK_ID  166
POINT_NUM  4
28 145.263168 22.554976 1.165226e+00 
29 145.536255 21.858597 1.428952e+00 
30 146.846832 21.221909 1.353561e+00 
31 147.887283 20.554174 1.167679e+00 
TRACK_ID  167
POINT_NUM  3
29 338.320221 54.413094 2.683674e+00 
30 342.331726 55.955776 3.380959e+00 
31 343.373260 56.657253 3.068755e+00 
TRACK_ID  168
POINT_NUM  2
29 24.234980 0.323037 2.207472e+00 
30 24.195553 0.335401 1.663814e+00 
TRACK_ID  169
POINT_NUM  3
29 72.710464 57.559891 3.059000e+00 
30 78.553017 55.846889 3.674959e+00 
31 81.569916 55.277584 3.505858e+00 
TRACK_ID  170
POINT_NUM  2
29 106.802162 62.996372 2.328544e+00 
30 106.326088 62.862053 2.233283e+00 
TRACK_ID  171
POINT_NUM  10
29 33.136799 29.846947 1.233330e+00 
30 33.261272 30.405907 1.404279e+00 
31 33.724640 31.019669 1.609224e+00 
32 34.715088 31.489061 1.977921e+00 
33 35.642872 31.965246 2.175600e+00 
34 36.413975 32.415665 1.975022e+00 
35 36.871555 32.698841 1.769919e+00 
36 37.010853 32.744835 1.612122e+00 
37 35.968998 32.403412 1.327771e+00 
38 35.739899 32.468395 1.080557e+00 
TRACK_ID  172
POINT_NUM  5
29 143.598526 57.498005 3.111022e+00 
30 143.552368 55.168739 3.177762e+00 
31 145.394226 54.675041 3.290182e+00 
32 147.700470 54.998463 2.846024e+00 
33 150.751617 55.768284 1.983185e+00 
TRACK_ID  173
POINT_NUM  7
29 191.792587 28.756338 4.041450e+00 
30 192.800720 29.265060 4.498534e+00 
31 192.469131 29.652575 4.779683e+00 
32 190.496597 29.984434 4.509999e+00 
33 186.393814 30.384712 4.502332e+00 
34 185.056580 30.611374 4.544945e+00 
35 185.715790 30.900686 4.400582e+00 
TRACK_ID  174
POINT_NUM  10
29 123.480080 9.272402 2.488686e+00 
30 123.686127 9.317916 2.430635e+00 
31 123.371643 8.968101 2.384595e+00 
32 122.453407 8.503900 2.394612e+00 
33 121.781197 7.910222 2.439112e+00 
34 121.513527 7.480477 2.537533e+00 
35 121.338974 7.334608 2.591490e+00 
36 120.902542 7.624785 2.559009e+00 
37 120.243385 7.809069 2.514050e+00 
38 118.801514 7.784998 2.607058e+00 
TRACK_ID  175
POINT_NUM  9
30 218.082306 58.680580 3.094815e+00 
31 219.738846 55.221130 4.431036e+00 
32 220.396851 52.850815 4.737905e+00 
33 223.527176 52.375183 3.919491e+00 
34 225.577835 51.835953 3.727597e+00 
35 226.102524 50.445034 3.663827e+00 
36 227.246307 48.966961 3.260790e+00 
37 230.225525 48.374641 2.736883e+00 
38 232.045486 48.379173 1.980109e+00 
TRACK_ID  176
POINT_NUM  2
30 275.538788 72.544441 1.283439e+00 
31 276.301575 73.400757 1.265577e+00 
TRACK_ID  177
POINT_NUM  3
30 183.027985 21.182701 2.820262e+00 
31 185.433014 20.328035 3.245607e+00 
32 188.560196 20.614079 3.455673e+00 
TRACK_ID  178
POINT_NUM  8
30 115.256233 50.345997 2.478778e+00 
31 119.440048 50.435493 3.621597e+00 
32 123.182274 51.036072 4.220674e+00 
33 126.444160 51.987324 4.196634e+00 
34 130.492386 54.499008 3.352163e+00 
35 136.013840 57.331474 3.321644e+00 
36 139.433945 58.387009 2.910245e+00 
37 142.949005 59.562401 1.815188e+00 
TRACK_ID  179
POINT_NUM  3
30 106.835365 28.193415 2.186058e+00 
31 107.427788 26.985659 2.473762e+00 
32 107.283501 25.952349 2.121780e+00 
TRACK_ID  180
POINT_NUM  11
30 64.114090 0.407850 1.461469e+00 
31 62.428905 0.374416 1.535968e+00 
32 61.312637 0.624453 1.540158e+00 
33 59.696205 0.606816 1.714673e+00 
34 58.015850 0.455281 1.788517e+00 
35 56.887768 0.622809 1.777411e+00 
36 55.293346 0.469911 1.875138e+00 
37 55.284721 0.473630 2.024206e+00 
38 54.149689 0.594134 1.992938e+00 
39 52.570328 0.367862 1.989695e+00 
40 51.437263 0.412525 1.897319e+00 
TRACK_ID  181
POINT_NUM  4
30 79.689087 3.141577 1.760346e+00 
31 78.461235 2.839458 1.599071e+00 
32 77.338058 2.413643 1.409576e+00 
33 76.317688 2.145687 1.231182e+00 
TRACK_ID  182
POINT_NUM  4
31 23.188911 5.391878 1.544419e+00 
32 22.959404 5.286416 2.055142e+00 
33 22.509102 5.122556 1.941726e+00 
34 22.048740 5.012946 1.119437e+00 
TRACK_ID  183
POINT_NUM  2
31 172.033875 51.840076 1.178643e+00 
32 175.027084 54.781277 1.248505e+00 
TRACK_ID  184
POINT_NUM  5
32 338.688385 19.710953 1.100156e+00 
33 336.007416 18.875244 1.232519e+00 
34 333.658234 17.812641 1.394033e+00 
35 332.388641 17.465130 1.513870e+00 
36 332.632843 17.527416 1.590170e+00 
TRACK_ID  185
POINT_NUM  2
32 282.508270 11.136388 1.539902e+00 
33 280.565979 10.774235 1.523960e+00 
TRACK_ID  186
POINT_NUM  6
32 273.300903 8.193153 1.451093e+00 
33 271.235138 7.034779 1.656554e+00 
34 269.068878 6.328600 1.648731e+00 
35 267.232880 6.060607 1.584137e+00 
36 267.181061 6.157032 1.382821e+00 
37 268.880432 6.547092 1.414565e+00 
TRACK_ID  187
POINT_NUM  3
32 309.086670 36.675484 1.758077e+00 
33 314.713898 38.782948 2.097095e+00 
34 321.710693 41.836311 2.421481e+00 
TRACK_ID  188
POINT_NUM  3
32 316.322571 61.121494 3.723102e+00 
33 313.128204 60.536102 3.992145e+00 
34 313.384369 59.983505 4.015342e+00 
TRACK_ID  189
POINT_NUM  9
32 338.083069 65.287933 3.071804e+00 
33 338.193939 66.711792 3.295845e+00 
34 338.366333 67.717972 3.381598e+00 
35 340.601807 68.741028 3.204176e+00 
36 343.653442 70.860870 2.816015e+00 
37 345.670776 75.816093 2.862773e+00 
38 346.364410 79.337715 4.478619e+00 
39 352.883545 81.332130 5.466585e+00 
40 3.880170 82.989189 5.669692e+00 
TRACK_ID  190
POINT_NUM  8
32 145.479065 65.119881 1.869905e+00 
33 149.983734 65.994751 2.365049e+00 
34 153.641037 66.466286 2.635795e+00 
35 158.065384 67.176392 2.399036e+00 
36 164.953384 67.555794 1.936565e+00 
37 175.936371 66.859444 1.566389e+00 
38 184.427811 65.936592 1.657813e+00 
39 190.437851 64.670509 1.495857e+00 
TRACK_ID  191
POINT_NUM  1
32 109.197708 62.723000 2.037215e+00 
TRACK_ID  192
POINT_NUM  1
36 56.880054 0.626562 1.808385e+00 
TRACK_ID  193
POINT_NUM  9
32 72.178749 13.531653 1.120824e+00 
33 71.659798 14.277933 1.273011e+00 
34 70.856148 14.047479 1.317419e+00 
35 69.801964 13.423861 1.454994e+00 
36 68.720421 13.018738 1.473431e+00 
37 67.705208 12.782547 1.427873e+00 
38 67.104568 12.684058 1.355554e+00 
39 66.523972 12.386155 1.410965e+00 
40 65.834175 11.656510 1.336905e+00 
TRACK_ID  194
POINT_NUM  8
33 345.890137 24.992773 1.261615e+00 
34 344.272125 23.299379 1.556490e+00 
35 342.591370 22.665354 1.783459e+00 
36 340.754181 22.322268 1.960217e+00 
37 338.939636 21.458359 1.994117e+00 
38 335.992432 20.050501 2.044516e+00 
39 334.210815 19.338921 2.122577e+00 
40 332.247711 18.425455 2.172347e+00 
TRACK_ID  195
POINT_NUM  7
33 352.739136 49.802464 2.951820e+00 
34 356.588684 48.268539 3.569035e+00 
35 359.302612 46.005524 3.511226e+00 
36 1.217032 42.704605 2.973191e+00 
37 2.435935 38.201698 2.803930e+00 
38 3.970606 35.820507 2.631508e+00 
39 6.643190 33.837372 2.382621e+00 
TRACK_ID  196
POINT_NUM  8
33 216.055344 46.304104 4.483021e+00 
34 215.681839 42.609451 5.419827e+00 
35 216.806564 39.962326 5.703040e+00 
36 219.322495 37.879635 5.574960e+00 
37 222.499985 37.226540 5.405654e+00 
38 225.485641 37.413506 5.314807e+00 
39 228.090530 38.085938 5.450761e+00 
40 230.213165 38.918060 5.701318e+00 
TRACK_ID  197
POINT_NUM  8
33 195.120819 27.786388 3.913677e+00 
34 195.828247 27.181389 4.558005e+00 
35 195.803268 27.643600 5.137168e+00 
36 194.618088 29.135899 5.596368e+00 
37 191.210083 31.002604 6.277441e+00 
38 188.779404 32.106968 6.289657e+00 
39 186.381104 32.707565 4.922133e+00 
40 184.073898 32.653843 3.768196e+00 
TRACK_ID  198
POINT_NUM  4
33 160.009598 40.599831 2.702877e+00 
34 159.511444 40.083714 2.658484e+00 
35 157.740540 38.126568 3.015122e+00 
36 157.234116 37.194157 3.278810e+00 
TRACK_ID  199
POINT_NUM  7
34 87.329117 37.874458 1.398006e+00 
35 88.564438 38.751774 2.267771e+00 
36 89.977432 39.711006 2.526170e+00 
37 88.643776 41.868706 2.196337e+00 
38 89.855843 43.110046 2.495756e+00 
39 91.714569 43.164150 2.533815e+00 
40 92.637260 44.606937 2.264693e+00 
TRACK_ID  200
POINT_NUM  2
34 106.054298 46.371117 1.432154e+00 
35 108.211388 46.508831 1.712466e+00 
TRACK_ID  201
POINT_NUM  7
34 135.017944 4.111353 2.181412e+00 
35 133.690308 4.083719 2.244777e+00 
36 132.944977 4.247490 2.300366e+00 
37 132.570923 4.292202 2.305021e+00 
38 131.595154 4.135262 2.352587e+00 
39 131.109116 3.991830 2.410815e+00 
40 130.020370 3.854475 2.470617e+00 
TRACK_ID  202
POINT_NUM  6
35 281.976746 10.569668 1.331594e+00 
36 281.879700 10.585442 1.494256e+00 
37 281.213440 10.108509 1.670085e+00 
38 280.480255 9.552434 1.631891e+00 
39 281.060699 8.766863 1.503351e+00 
40 281.451813 8.499967 1.502305e+00 
TRACK_ID  203
POINT_NUM  3
35 21.809544 0.524205 1.273410e+00 
36 20.178072 0.310432 1.320244e+00 
37 20.126341 0.324171 1.313926e+00 
TRACK_ID  204
POINT_NUM  6
35 257.508698 52.664673 2.033808e+00 
36 260.287506 51.916332 2.581176e+00 
37 263.709198 51.423023 2.788706e+00 
38 268.439484 50.592762 3.228326e+00 
39 273.914978 50.007530 3.620093e+00 
40 278.546631 50.006893 4.262833e+00 
TRACK_ID  205
POINT_NUM  2
35 168.914658 48.405121 1.824771e+00 
36 170.007950 49.655014 1.638060e+00 
TRACK_ID  206
POINT_NUM  2
35 48.224926 0.662105 1.514482e+00 
36 46.086727 0.718965 1.542039e+00 
TRACK_ID  207
POINT_NUM  1
35 55.298725 0.471626 1.799833e+00 
TRACK_ID  208
POINT_NUM  5
36 11.951591 5.311494 1.198341e+00 
37 11.278316 4.998767 1.264072e+00 
38 10.776591 4.925468 1.041329e+00 
39 10.476171 5.258169 1.167547e+00 
40 10.186099 5.554189 1.326835e+00 
TRACK_ID  209
POINT_NUM  2
36 255.633148 23.599443 1.371607e+00 
37 255.256744 24.050711 1.330144e+00 
TRACK_ID  210
POINT_NUM  1
36 205.788132 57.445663 1.372845e+00 
TRACK_ID  211
POINT_NUM  2
36 235.923492 37.816399 1.666115e+00 
37 238.678757 37.120728 1.219387e+00 
TRACK_ID  212
POINT_NUM  3
37 288.532135 58.347954 2.945630e+00 
38 288.984436 59.718063 2.571749e+00 
39 287.058746 61.448036 1.465780e+00 
TRACK_ID  213
POINT_NUM  4
37 181.485153 54.236500 1.199791e+00 
38 190.691681 54.295864 1.452977e+00 
39 200.270294 52.472710 1.668326e+00 
40 208.844498 49.689766 2.389539e+00 
TRACK_ID  214
POINT_NUM  2
38 264.828674 6.266670 1.446915e+00 
39 262.169800 6.260337 1.387105e+00 
TRACK_ID  215
POINT_NUM  3
38 47.625805 53.589748 3.402565e+00 
39 50.073063 53.482147 3.446327e+00 
40 52.600155 53.092270 3.221676e+00 
TRACK_ID  216
POINT_NUM  3
38 236.658707 72.493332 3.421932e+00 
39 244.963348 70.577492 3.213871e+00 
40 252.394806 66.081116 3.510676e+00 
TRACK_ID  217
POINT_NUM  1
38 52.577839 0.364586 2.023766e+00 
TRACK_ID  218
POINT_NUM  2
39 270.466187 6.626376 1.246745e+00 
40 271.198120 7.069689 1.313770e+00 
TRACK_ID  219
POINT_NUM  2
39 31.968630 0.498188 1.477866e+00 
40 30.342672 0.642945 1.737246e+00 
TRACK_ID  220
POINT_NUM  2
39 113.562836 7.500190 3.101657e+00 
40 113.589233 7.144180 3.562859e+00 
TRACK_ID  221
POINT_NUM  2
39 159.093613 1.588457 2.514011e+00 
40 160.905731 0.831614 2.712497e+00 
TRACK_ID  222
POINT_NUM  5
24 29.371645 51.416492 2.702524e+00 
25 26.057716 52.392273 2.966385e+00 
26 23.452665 53.537426 2.826545e+00 
27 20.265997 53.619141 2.670261e+00 
28 18.242687 53.188210 2.462648e+00 
TRACK_ID  223
POINT_NUM  5
4 94.713196 44.226746 1.502472e+00 
5 97.089363 43.880795 1.654489e+00 
6 99.985641 43.367596 1.349793e+00 
7 101.348869 42.397186 1.319305e+00 
8 102.616760 41.245975 1.299893e+00 
TRACK_ID  224
POINT_NUM  1
19 93.755608 39.632626 2.105796e+00 
TRACK_ID  225
POINT_NUM  8
22 189.294556 27.548046 4.650958e+00 
23 188.891251 27.592121 5.416553e+00 
24 189.369766 28.033836 5.712959e+00 
25 189.810150 28.980991 5.750244e+00 
26 189.379501 30.582653 5.554114e+00 
27 187.005264 32.463715 5.173585e+00 
28 183.733887 32.563007 4.940043e+00 
29 182.565872 31.655018 4.385202e+00 
TRACK_ID  226
POINT_NUM  2
39 27.510887 54.897503 2.252168e+00 
40 19.408686 54.452534 2.005439e+00 
TRACK_ID  227
POINT_NUM  14
27 87.754654 64.543259 3.108280e+00 
28 87.904915 64.417038 2.956432e+00 
29 87.455612 63.998417 2.950876e+00 
30 87.092651 63.375500 3.034635e+00 
31 88.064255 62.042137 3.244465e+00 
32 89.527985 60.758942 3.323630e+00 
33 92.000671 60.429356 3.247305e+00 
34 94.458893 60.375835 3.078798e+00 
35 97.224716 60.346054 2.913227e+00 
36 99.681915 60.296787 2.606264e+00 
37 102.136459 60.301327 2.429414e+00 
38 103.855247 60.087875 2.221902e+00 
39 105.230919 59.672806 1.958600e+00 
40 104.940353 59.032024 1.431852e+00 
TRACK_ID  228
POINT_NUM  1
18 24.353733 38.432255 2.203515e+00 
TRACK_ID  229
POINT_NUM  13
28 105.890076 36.648533 2.759894e+00 
29 108.813705 36.113594 2.569947e+00 
30 112.158501 35.786091 2.999444e+00 
31 115.344337 35.620914 3.773429e+00 
32 117.613884 36.770618 4.645738e+00 
33 120.249916 38.076462 5.591596e+00 
34 122.895569 39.272232 6.551220e+00 
35 125.721184 40.573078 7.311979e+00 
36 127.935188 42.452084 7.705707e+00 
37 128.652222 44.409973 8.159878e+00 
38 128.414719 46.178028 8.113002e+00 
39 127.887383 47.350525 7.666726e+00 
40 127.749641 47.539631 6.643284e+00 
TRACK_ID  230
POINT_NUM  8
33 119.936440 65.208168 1.964667e+00 
34 121.510780 65.672470 1.998929e+00 
35 124.220848 66.766426 1.909136e+00 
36 129.149704 68.226250 1.918774e+00 
37 145.241348 67.823341 2.346803e+00 
38 151.811523 68.117767 2.973520e+00 
39 157.206207 68.968483 2.813703e+00 
40 168.097946 69.280884 2.164130e+00 
TRACK_ID  231
POINT_NUM  4
37 216.566055 60.010208 1.335897e+00 
38 218.175507 58.306000 1.907076e+00 
39 218.850021 57.166569 3.023140e+00 
40 220.872986 56.116772 4.105614e+00 
TRACK_ID  232
POINT_NUM  8
20 87.622719 38.363094 2.092330e+00 
21 87.832283 37.884205 2.405414e+00 
22 87.178383 37.992546 2.822020e+00 
23 88.577995 38.725338 2.988422e+00 
24 86.233803 38.975769 3.157359e+00 
25 87.255157 38.976120 4.004044e+00 
26 89.631500 39.471970 3.701559e+00 
27 93.903610 40.207966 2.784676e+00 
TRACK_ID  233
POINT_NUM  2
28 87.235840 38.366886 1.804193e+00 
29 86.941154 37.916630 1.402328e+00 
TRACK_ID  234
POINT_NUM  6
1 345.414398 16.465515 1.532076e+00 
2 344.946106 16.012266 1.440251e+00 
3 346.291779 15.420975 1.254779e+00 
4 348.310913 15.149108 1.215903e+00 
5 348.237122 15.351227 1.237556e+00 
6 346.913086 15.031765 1.098362e+00 
TRACK_ID  235
POINT_NUM  1
32 59.708122 0.607880 1.573765e+00 
TRACK_ID  236
POINT_NUM  15
1 323.764282 35.469826 3.412600e+00 
2 327.267456 36.799591 4.222018e+00 
3 329.265137 37.062855 5.069919e+00 
4 330.657166 37.386978 5.780854e+00 
5 331.475739 37.935081 6.497065e+00 
6 331.734375 38.429253 6.556278e+00 
7 331.863434 38.950882 6.212943e+00 
8 332.570526 39.338902 5.715817e+00 
9 333.764313 39.959103 5.569533e+00 
10 334.865082 41.622486 5.515096e+00 
11 336.132843 45.795418 5.739269e+00 
12 338.396179 48.709412 6.360901e+00 
13 340.417206 50.748268 6.719223e+00 
14 342.077301 52.542381 6.691367e+00 
15 343.674072 54.126095 6.055111e+00 
