0
0 0
TRACK_NUM       293 ADD_FLD    0   0 &
TRACK_ID  1
POINT_NUM  7
28 51.554333 54.335476 3.799244e+00 
29 53.158890 53.747627 3.602206e+00 
30 56.264606 52.231434 3.205026e+00 
31 60.067230 50.229172 3.199668e+00 
32 61.134075 50.262707 2.896840e+00 
33 61.818745 50.421581 2.205277e+00 
34 61.918495 50.247494 1.480549e+00 
TRACK_ID  2
POINT_NUM  4
22 22.398096 64.741173 3.790385e+00 
23 19.270908 65.197197 3.662168e+00 
24 18.375092 65.593636 3.744227e+00 
25 17.598692 65.565918 3.867794e+00 
TRACK_ID  3
POINT_NUM  9
1 93.854088 29.518917 1.955229e+00 
2 96.641060 29.289532 1.399359e+00 
3 94.217506 31.105419 1.555941e+00 
4 92.549614 32.018406 2.771023e+00 
5 93.789368 31.658356 2.491832e+00 
6 94.731491 31.056335 1.848462e+00 
7 95.128075 30.356428 2.168934e+00 
8 96.056946 30.177544 1.864916e+00 
9 94.347359 31.428785 1.152066e+00 
TRACK_ID  4
POINT_NUM  15
1 310.532288 53.289539 3.111213e+00 
2 315.879852 53.282394 4.096546e+00 
3 320.355194 53.697887 4.589939e+00 
4 324.944214 54.915863 4.451297e+00 
5 331.222137 57.076099 3.704916e+00 
6 338.770752 59.813576 3.614669e+00 
7 344.753326 61.543392 3.524167e+00 
8 350.383087 62.713615 3.386536e+00 
9 0.181582 62.671986 3.265939e+00 
10 6.791670 61.796093 4.207478e+00 
11 8.681746 61.748676 4.734309e+00 
12 10.808283 61.619576 4.791840e+00 
13 14.018245 62.339447 4.546899e+00 
14 18.899265 63.435863 4.239317e+00 
15 21.031143 63.906322 3.821909e+00 
TRACK_ID  5
POINT_NUM  35
1 306.901031 63.284966 2.824937e+00 
2 309.482147 65.050087 3.980310e+00 
3 311.521820 66.748268 4.452640e+00 
4 315.108734 69.950256 4.085297e+00 
5 320.763214 71.370026 4.296379e+00 
6 323.202118 70.809868 5.332305e+00 
7 323.995758 71.727432 5.702806e+00 
8 323.820374 72.279106 5.362785e+00 
9 323.588928 72.674469 4.937699e+00 
10 322.728088 73.111038 4.466608e+00 
11 320.834290 73.141212 4.293902e+00 
12 319.723846 73.652435 4.401766e+00 
13 319.575500 74.257774 4.466622e+00 
14 320.204620 74.581200 4.372840e+00 
15 321.967957 74.401825 3.881031e+00 
16 324.193542 73.218102 3.476854e+00 
17 324.541687 71.843880 3.635981e+00 
18 323.346985 69.734039 4.069864e+00 
19 324.172180 67.426857 4.638973e+00 
20 325.735565 67.959785 4.514718e+00 
21 325.188507 69.882355 4.375803e+00 
22 323.863586 71.615448 4.478202e+00 
23 324.064972 72.769402 4.597130e+00 
24 323.911346 73.793907 4.277257e+00 
25 323.612183 74.390381 3.452070e+00 
26 322.088715 73.541489 2.565080e+00 
27 320.860413 72.027199 2.576342e+00 
28 320.823700 72.178574 2.983664e+00 
29 320.523438 72.844604 3.206144e+00 
30 320.927979 73.183006 3.317990e+00 
31 322.050690 73.768326 3.561747e+00 
32 322.405457 75.047226 3.917467e+00 
33 323.151489 76.000610 4.141511e+00 
34 323.296539 76.768539 3.923338e+00 
35 322.845154 76.520599 2.867217e+00 
TRACK_ID  6
POINT_NUM  3
1 319.188568 73.622589 4.719326e+00 
2 318.254364 74.383331 4.455130e+00 
3 318.472839 74.377281 3.820925e+00 
TRACK_ID  7
POINT_NUM  16
1 337.466003 47.811794 4.419717e+00 
2 339.622223 47.847843 4.400517e+00 
3 341.224091 47.021927 4.420827e+00 
4 341.343719 45.455486 4.558512e+00 
5 341.777710 45.201950 4.772871e+00 
6 342.258636 45.096714 4.798846e+00 
7 343.151703 45.068027 4.636895e+00 
8 344.168182 45.077290 4.358900e+00 
9 345.857452 43.910751 4.208365e+00 
10 346.037537 47.801643 4.031354e+00 
11 348.311432 49.755974 3.981472e+00 
12 350.494110 50.974281 3.914744e+00 
13 352.453308 52.294052 3.537525e+00 
14 355.515747 56.143658 3.467245e+00 
15 358.178955 57.626064 3.934347e+00 
16 359.124176 58.141174 4.044779e+00 
TRACK_ID  8
POINT_NUM  2
1 344.321014 59.666393 4.778179e+00 
2 347.227509 59.737961 4.576787e+00 
TRACK_ID  9
POINT_NUM  2
1 358.745178 32.259094 1.274305e+00 
2 359.491486 32.439011 1.386953e+00 
TRACK_ID  10
POINT_NUM  20
1 25.796795 31.601994 2.044978e+00 
2 27.442673 32.038483 2.234922e+00 
3 30.584209 36.607430 2.514544e+00 
4 32.430683 37.120655 2.803243e+00 
5 33.738914 37.240383 2.887871e+00 
6 34.647148 37.217342 2.880193e+00 
7 35.352665 37.009613 2.930444e+00 
8 35.191742 37.415020 2.818437e+00 
9 35.072525 38.378647 2.930017e+00 
10 35.754208 38.699268 2.850644e+00 
11 37.202103 38.846436 2.995503e+00 
12 37.544025 39.009399 2.952928e+00 
13 35.278038 38.817966 2.827768e+00 
14 35.624329 39.728012 2.612540e+00 
15 38.171799 39.890816 2.701600e+00 
16 40.920952 39.239155 2.560010e+00 
17 42.291504 38.215508 2.352467e+00 
18 43.107368 38.126068 2.081910e+00 
19 43.863251 38.417767 1.619485e+00 
20 44.170208 38.747898 1.185141e+00 
TRACK_ID  11
POINT_NUM  10
1 16.188833 73.296387 3.857071e+00 
2 16.881544 71.930901 4.182311e+00 
3 19.318563 71.312103 4.402155e+00 
4 24.183973 71.171394 4.446983e+00 
5 29.662958 70.302872 4.479413e+00 
6 37.579453 69.363449 4.764468e+00 
7 45.942413 68.379089 5.268576e+00 
8 51.835213 67.299850 5.395555e+00 
9 54.754078 66.780121 5.179715e+00 
10 59.167377 66.238548 4.710520e+00 
TRACK_ID  12
POINT_NUM  2
1 16.333212 84.664314 1.401871e+00 
2 15.124360 84.939377 1.191755e+00 
TRACK_ID  13
POINT_NUM  2
1 60.494038 48.598885 4.424542e+00 
2 60.584244 49.241325 4.024072e+00 
TRACK_ID  14
POINT_NUM  9
1 73.346336 64.034103 3.063789e+00 
2 78.102379 63.392937 3.124673e+00 
3 82.450401 63.102802 3.150210e+00 
4 87.267639 63.238293 3.457320e+00 
5 92.717674 63.677322 3.714404e+00 
6 98.303192 64.236061 3.247797e+00 
7 103.564590 65.565758 2.401614e+00 
8 108.618057 67.204346 1.515739e+00 
9 114.491592 70.242577 1.113530e+00 
TRACK_ID  15
POINT_NUM  25
1 42.450184 28.442326 1.931739e+00 
2 43.962749 27.257992 1.839016e+00 
3 44.800491 25.139133 2.356929e+00 
4 45.479065 23.404478 2.669343e+00 
5 45.645977 22.842018 2.192007e+00 
6 45.724735 22.475002 1.997668e+00 
7 44.552689 23.580082 2.204727e+00 
8 43.409683 24.704994 2.044768e+00 
9 42.128151 27.462221 1.689426e+00 
10 41.554848 28.197248 1.758777e+00 
11 41.299156 27.169685 1.958516e+00 
12 41.451168 27.853842 1.834225e+00 
13 41.540504 29.746641 1.989969e+00 
14 40.784538 30.129408 2.129293e+00 
15 40.761810 29.081045 2.379751e+00 
16 41.503643 28.828903 2.257109e+00 
17 41.627415 29.615528 1.656309e+00 
18 41.799561 29.514257 1.163328e+00 
19 44.139576 27.082058 1.540208e+00 
20 45.494804 26.138893 1.767677e+00 
21 47.919846 26.134933 1.600059e+00 
22 49.359604 25.981716 1.635780e+00 
23 47.967766 24.126417 1.876109e+00 
24 46.837181 22.144238 1.932289e+00 
25 46.315308 19.587603 1.499787e+00 
TRACK_ID  16
POINT_NUM  4
1 66.134628 31.423273 1.765085e+00 
2 66.757645 29.495113 1.588733e+00 
3 67.015480 27.828211 1.592369e+00 
4 66.797249 26.709028 1.216465e+00 
TRACK_ID  17
POINT_NUM  40
1 259.281891 16.290794 1.661522e+00 
2 259.562469 16.897741 2.094945e+00 
3 259.500397 16.371853 2.690958e+00 
4 259.040894 16.118004 3.061361e+00 
5 258.385101 15.966308 2.850472e+00 
6 258.010742 15.724346 2.497964e+00 
7 258.591156 15.402796 2.384326e+00 
8 258.696198 15.134340 2.323953e+00 
9 258.324524 14.991777 1.850210e+00 
10 257.901154 15.004443 1.351955e+00 
11 260.329254 15.387794 1.338116e+00 
12 261.264374 15.342877 1.568059e+00 
13 261.389832 15.009356 1.451705e+00 
14 261.189789 14.797181 1.451914e+00 
15 260.135315 14.611341 1.698574e+00 
16 259.398254 14.627031 1.958521e+00 
17 258.521027 14.641087 1.793608e+00 
18 257.881012 14.737201 1.432264e+00 
19 259.730682 15.181294 1.447200e+00 
20 259.623993 15.834483 1.808516e+00 
21 259.269257 16.088131 1.570973e+00 
22 259.925323 16.130171 1.452793e+00 
23 259.441315 15.731118 1.878523e+00 
24 258.655334 15.774386 2.144574e+00 
25 258.182312 15.578229 1.839936e+00 
26 259.901886 15.748549 1.607265e+00 
27 260.398407 15.684610 1.994942e+00 
28 260.097717 15.703643 2.228415e+00 
29 260.073273 15.963873 2.060523e+00 
30 260.527985 16.147224 1.969810e+00 
31 260.420105 15.782619 2.120719e+00 
32 259.589661 15.485098 2.077679e+00 
33 256.593475 14.817262 1.641077e+00 
34 254.700699 14.684001 1.420243e+00 
35 253.995010 14.638868 1.318593e+00 
36 252.608231 14.609932 1.345378e+00 
37 250.851746 14.397303 1.275150e+00 
38 248.642822 14.243551 1.163514e+00 
39 246.430267 14.517718 1.168344e+00 
40 244.653458 14.743989 1.231875e+00 
TRACK_ID  18
POINT_NUM  5
1 269.263306 40.689350 2.212832e+00 
2 272.107422 41.257141 3.087951e+00 
3 274.299988 41.433479 3.425374e+00 
4 278.553925 42.915787 3.186235e+00 
5 284.296600 45.556187 2.944344e+00 
TRACK_ID  19
POINT_NUM  10
1 253.722961 36.244709 2.705083e+00 
2 258.214935 31.007666 2.957566e+00 
3 260.077179 30.039572 2.524320e+00 
4 261.746307 29.853292 2.690299e+00 
5 262.858246 29.021095 2.261516e+00 
6 266.168823 28.057161 1.885085e+00 
7 268.131500 27.982817 2.014399e+00 
8 269.199371 27.742184 2.020372e+00 
9 268.898895 26.931492 1.664610e+00 
10 269.833191 26.984392 1.458479e+00 
TRACK_ID  20
POINT_NUM  4
1 238.130219 31.548483 1.676579e+00 
2 239.268951 31.958380 1.667174e+00 
3 239.383514 31.896338 1.361509e+00 
4 238.661453 31.622322 1.188646e+00 
TRACK_ID  21
POINT_NUM  8
1 217.696136 29.903257 2.351801e+00 
2 216.452026 30.123341 2.445561e+00 
3 215.645065 29.878170 2.567304e+00 
4 214.892914 29.620342 2.481943e+00 
5 213.657013 29.572233 2.322157e+00 
6 212.269547 30.501509 2.440317e+00 
7 211.188110 30.863342 2.561695e+00 
8 207.313614 32.254749 2.793278e+00 
TRACK_ID  22
POINT_NUM  1
1 212.723022 34.306206 2.434921e+00 
TRACK_ID  23
POINT_NUM  12
1 271.152496 55.151962 3.577658e+00 
2 274.319183 54.886620 3.420538e+00 
3 280.564209 55.511265 3.277994e+00 
4 287.550812 54.938404 3.985015e+00 
5 292.986969 54.392639 4.574007e+00 
6 295.386383 54.022129 3.950821e+00 
7 296.919281 52.558472 3.250056e+00 
8 303.629517 51.152496 2.356066e+00 
9 313.721313 51.462460 2.360635e+00 
10 320.637329 52.028900 2.674539e+00 
11 324.489594 52.851318 2.909061e+00 
12 326.352020 53.562248 2.871445e+00 
TRACK_ID  24
POINT_NUM  20
1 256.155090 73.120758 2.667728e+00 
2 254.714188 72.087807 2.639093e+00 
3 254.100555 71.103897 2.516650e+00 
4 254.052322 69.993820 2.485864e+00 
5 254.815048 68.539429 2.406045e+00 
6 256.487152 66.995697 2.421890e+00 
7 258.418121 65.319794 2.253564e+00 
8 260.938141 63.206337 2.003125e+00 
9 266.482697 60.173000 2.056250e+00 
10 269.219971 59.213482 2.196385e+00 
11 272.242126 58.404018 2.195506e+00 
12 275.985168 57.786583 2.042671e+00 
13 280.671387 57.419022 1.997605e+00 
14 285.852509 56.843311 2.202781e+00 
15 290.213776 56.390976 2.615299e+00 
16 294.945465 56.153130 2.815860e+00 
17 299.531006 55.735229 2.683872e+00 
18 303.160126 54.881851 2.668451e+00 
19 308.972626 50.441227 2.791050e+00 
20 310.657166 49.314354 3.548727e+00 
TRACK_ID  25
POINT_NUM  8
1 231.288849 63.978661 1.076020e+00 
2 232.263977 63.171631 1.370973e+00 
3 232.503052 62.932034 1.574286e+00 
4 230.468079 64.051178 1.687007e+00 
5 227.094696 65.261742 1.864140e+00 
6 229.917007 64.765648 2.010541e+00 
7 231.989944 64.522194 2.197622e+00 
8 233.270645 64.160995 2.527031e+00 
TRACK_ID  26
POINT_NUM  16
1 240.520813 2.090214 1.226828e+00 
2 238.785828 1.858423 1.173868e+00 
3 237.127823 1.843727 1.115069e+00 
4 235.687134 1.966995 1.110307e+00 
5 233.136383 1.814755 1.150068e+00 
6 231.565933 1.688589 1.161600e+00 
7 230.352753 2.052564 1.071829e+00 
8 228.176468 2.569058 1.094894e+00 
9 226.396164 3.035885 1.150072e+00 
10 224.476273 3.591688 1.222646e+00 
11 222.447845 4.121645 1.243965e+00 
12 220.641434 4.821404 1.298124e+00 
13 219.014938 5.397590 1.374081e+00 
14 216.992081 5.934351 1.429665e+00 
15 214.958084 6.323814 1.453404e+00 
16 213.856720 6.244107 1.396038e+00 
TRACK_ID  27
POINT_NUM  26
1 187.298630 78.832535 6.050794e+00 
2 189.862610 78.612343 6.059113e+00 
3 192.732224 78.415573 6.084790e+00 
4 196.579224 78.330727 6.063146e+00 
5 200.178406 77.912804 6.065836e+00 
6 203.364487 77.279488 6.125656e+00 
7 207.104507 76.680458 6.100377e+00 
8 210.200897 75.755280 5.961859e+00 
9 212.735992 74.322601 5.822734e+00 
10 215.192520 71.716820 5.945245e+00 
11 215.469620 70.062080 6.364662e+00 
12 215.190338 69.347404 6.664007e+00 
13 213.140060 68.918533 6.957482e+00 
14 213.805939 68.693390 7.185208e+00 
15 219.440155 67.355652 7.062577e+00 
16 223.069687 65.349129 6.969962e+00 
17 223.506012 64.210587 6.845785e+00 
18 223.853241 63.299225 6.577089e+00 
19 223.321350 62.647514 6.333835e+00 
20 226.775894 61.574306 5.466980e+00 
21 232.194550 60.328777 4.668351e+00 
22 237.566544 58.993973 3.947810e+00 
23 245.473495 57.055611 3.518963e+00 
24 248.664169 55.161930 3.647011e+00 
25 251.826080 53.681858 3.643187e+00 
26 255.373642 52.571995 3.404206e+00 
TRACK_ID  28
POINT_NUM  12
1 204.313370 51.276508 6.775808e+00 
2 205.254013 51.729362 6.228398e+00 
3 206.719025 51.856915 5.668640e+00 
4 208.837280 51.488251 5.330220e+00 
5 211.349136 50.692223 5.181582e+00 
6 214.294281 49.620564 5.017277e+00 
7 217.589096 48.323109 4.781841e+00 
8 221.471085 46.719280 4.187839e+00 
9 225.340012 45.008011 3.813712e+00 
10 228.645813 44.045280 3.426731e+00 
11 231.921295 44.334148 2.479352e+00 
12 235.702103 46.108715 1.756436e+00 
TRACK_ID  29
POINT_NUM  3
1 127.948151 67.640114 1.651436e+00 
2 128.959671 67.752174 1.490862e+00 
3 129.582733 68.044510 1.264232e+00 
TRACK_ID  30
POINT_NUM  11
1 147.663574 53.640583 2.380403e+00 
2 148.401932 53.467083 2.988061e+00 
3 148.118240 53.288906 3.489616e+00 
4 148.346344 52.713886 3.853654e+00 
5 149.396393 52.034351 3.817559e+00 
6 150.737671 51.470413 3.372059e+00 
7 152.221542 51.978737 2.692315e+00 
8 153.278809 53.001629 2.261959e+00 
9 154.644165 52.582508 2.030609e+00 
10 156.482071 51.466084 1.934721e+00 
11 158.229797 51.176971 1.731004e+00 
TRACK_ID  31
POINT_NUM  19
1 164.296738 40.952141 3.999173e+00 
2 168.291855 42.575844 4.528102e+00 
3 172.006302 43.966202 5.177077e+00 
4 175.330246 45.541733 5.625268e+00 
5 178.648193 47.188183 5.730241e+00 
6 182.162552 48.603428 5.567607e+00 
7 186.868744 48.032356 5.247409e+00 
8 188.655258 46.420906 5.560145e+00 
9 189.659195 47.646572 6.000940e+00 
10 191.769531 47.923248 6.228472e+00 
11 193.319107 47.956089 6.042989e+00 
12 194.241287 51.380260 6.192384e+00 
13 195.025146 52.027565 6.567369e+00 
14 195.511230 52.453964 6.687477e+00 
15 195.869614 52.559612 6.327798e+00 
16 196.366669 53.182358 5.646382e+00 
17 197.298141 53.824432 4.951915e+00 
18 198.790070 53.826492 4.297698e+00 
19 200.629990 54.149345 3.881814e+00 
TRACK_ID  32
POINT_NUM  6
1 160.082123 30.219706 1.828632e+00 
2 162.219894 29.003023 2.527570e+00 
3 164.307251 27.923435 2.438158e+00 
4 165.431351 26.105968 1.902752e+00 
5 164.768021 23.548376 1.381047e+00 
6 163.620056 21.096161 1.056453e+00 
TRACK_ID  33
POINT_NUM  4
1 76.198624 38.921425 1.082099e+00 
2 78.327225 41.044220 2.005491e+00 
3 80.136223 42.147865 2.023395e+00 
4 82.871971 43.869316 1.146302e+00 
TRACK_ID  34
POINT_NUM  6
1 97.216644 52.564091 1.606762e+00 
2 99.090843 52.177830 2.076364e+00 
3 100.642639 51.980858 2.278204e+00 
4 102.600609 51.846161 2.491756e+00 
5 104.769447 51.550758 2.568063e+00 
6 104.811356 50.953773 2.696652e+00 
TRACK_ID  35
POINT_NUM  2
1 113.833084 39.824097 2.613232e+00 
2 114.952194 39.949852 2.434612e+00 
TRACK_ID  36
POINT_NUM  1
1 114.720901 36.239826 2.559010e+00 
TRACK_ID  37
POINT_NUM  1
1 128.028763 37.049149 2.034345e+00 
TRACK_ID  38
POINT_NUM  8
1 121.904114 31.350733 2.780420e+00 
2 122.932129 31.378225 2.338396e+00 
3 125.386566 33.922092 2.058081e+00 
4 124.378105 37.653404 2.134699e+00 
5 126.036392 39.162952 2.368204e+00 
6 128.158401 39.787254 2.081830e+00 
7 130.657806 40.127975 2.048357e+00 
8 133.744904 41.073425 1.860739e+00 
TRACK_ID  39
POINT_NUM  7
1 103.334610 20.583031 2.088603e+00 
2 102.912666 19.803129 1.860931e+00 
3 104.122360 20.685501 1.761144e+00 
4 104.099876 21.228096 1.798444e+00 
5 103.399704 19.348551 1.517374e+00 
6 102.994194 18.731956 1.218389e+00 
7 103.106300 19.399509 1.078106e+00 
TRACK_ID  40
POINT_NUM  2
1 147.031845 21.206745 1.457380e+00 
2 147.410446 21.541119 1.190656e+00 
TRACK_ID  41
POINT_NUM  2
1 55.303314 0.432009 1.491936e+00 
2 55.301247 0.425802 1.295942e+00 
TRACK_ID  42
POINT_NUM  4
1 58.005638 0.440421 1.678712e+00 
2 58.006989 0.439222 1.482412e+00 
3 58.002827 0.435998 1.393024e+00 
4 57.991566 0.429695 1.277430e+00 
TRACK_ID  43
POINT_NUM  19
1 109.494156 2.160415 1.248910e+00 
2 109.997948 2.078990 1.207640e+00 
3 110.317924 1.875519 1.185519e+00 
4 110.516800 1.792883 1.279135e+00 
5 110.787354 1.911274 1.499714e+00 
6 111.816345 2.397919 1.541487e+00 
7 112.154221 2.515062 1.573538e+00 
8 112.763336 2.940423 1.702074e+00 
9 113.056473 3.128861 1.816123e+00 
10 113.508339 3.321662 1.843677e+00 
11 113.681091 3.378935 1.789452e+00 
12 113.532341 3.104454 1.706106e+00 
13 113.441765 2.764180 1.585388e+00 
14 113.082779 2.641474 1.373774e+00 
15 110.846512 1.946199 1.172592e+00 
16 109.113762 0.851874 1.209079e+00 
17 107.760269 0.371616 1.314896e+00 
18 107.758026 0.344224 1.323475e+00 
19 107.765678 0.319675 1.313295e+00 
TRACK_ID  44
POINT_NUM  3
2 249.733658 45.300488 1.179747e+00 
3 253.715881 42.925571 1.599751e+00 
4 257.174652 43.521286 1.311688e+00 
TRACK_ID  45
POINT_NUM  6
2 258.081238 62.774307 1.179778e+00 
3 260.637817 61.551266 1.191002e+00 
4 263.071075 60.257767 1.266947e+00 
5 263.736969 59.509727 1.376552e+00 
6 262.976227 59.465168 1.453965e+00 
7 263.850769 59.102360 1.543798e+00 
TRACK_ID  46
POINT_NUM  4
2 108.358749 28.466026 1.113261e+00 
3 109.960167 28.224592 1.272209e+00 
4 112.798805 28.478456 1.086529e+00 
5 117.994064 26.549650 1.567505e+00 
TRACK_ID  47
POINT_NUM  4
3 282.154480 0.096464 1.160487e+00 
4 282.197906 0.087091 1.259853e+00 
5 282.235657 0.078919 1.313164e+00 
6 282.260284 0.073575 1.283774e+00 
TRACK_ID  48
POINT_NUM  12
3 281.498138 28.233646 1.886635e+00 
4 280.062408 27.519257 1.820433e+00 
5 278.780762 28.291027 1.880361e+00 
6 278.594666 29.543177 1.944708e+00 
7 277.638092 30.608772 2.185385e+00 
8 277.430511 30.741577 2.234076e+00 
9 277.467194 29.968090 1.722064e+00 
10 277.691101 30.244207 1.653364e+00 
11 275.464050 29.291433 1.667819e+00 
12 275.484497 29.651682 1.572528e+00 
13 275.583344 30.149168 1.449304e+00 
14 277.738159 31.954462 1.419433e+00 
TRACK_ID  49
POINT_NUM  5
3 8.910937 26.377653 1.337225e+00 
4 10.035200 25.924845 1.389740e+00 
5 11.275674 26.537596 1.193843e+00 
6 13.236721 29.555500 1.099354e+00 
7 14.747535 29.111595 1.102921e+00 
TRACK_ID  50
POINT_NUM  2
3 54.260395 35.299114 1.489221e+00 
4 56.850616 35.670784 1.628797e+00 
TRACK_ID  51
POINT_NUM  12
3 154.200317 66.723663 1.508872e+00 
4 150.135635 65.899506 1.968817e+00 
5 147.082596 65.194542 2.068223e+00 
6 145.137024 65.088715 2.238219e+00 
7 143.897171 65.094620 2.114840e+00 
8 143.716156 64.775894 2.113137e+00 
9 144.702286 64.443863 2.206805e+00 
10 144.906418 64.905991 2.538601e+00 
11 145.014450 65.350655 2.696172e+00 
12 145.473190 65.823891 2.841590e+00 
13 146.399567 66.223610 2.982550e+00 
14 147.138840 66.700378 2.903701e+00 
TRACK_ID  52
POINT_NUM  5
2 129.244278 37.234974 2.320943e+00 
3 136.018265 36.060917 2.495485e+00 
4 138.475174 36.044334 2.542830e+00 
5 141.167297 36.310966 2.482866e+00 
6 143.112823 35.735340 2.385860e+00 
TRACK_ID  53
POINT_NUM  10
4 328.013702 0.443531 1.297105e+00 
5 326.888733 0.629978 1.402587e+00 
6 325.310699 0.515171 1.450453e+00 
7 325.327148 0.563184 1.415995e+00 
8 324.285889 1.765139 1.329141e+00 
9 321.704285 1.658013 1.375614e+00 
10 321.824097 1.987124 1.360336e+00 
11 320.876068 2.695133 1.325659e+00 
12 320.537170 2.504705 1.320992e+00 
13 319.429840 2.057226 1.306211e+00 
TRACK_ID  54
POINT_NUM  2
4 342.724792 35.309113 2.030059e+00 
5 343.441406 35.292652 2.155440e+00 
TRACK_ID  55
POINT_NUM  4
4 8.822639 63.673969 4.216566e+00 
5 11.358031 64.300598 5.109927e+00 
6 16.372105 65.759308 5.223423e+00 
7 24.795298 67.431854 4.934441e+00 
TRACK_ID  56
POINT_NUM  2
4 24.896889 22.041710 1.187309e+00 
5 24.888697 21.600620 1.221623e+00 
TRACK_ID  57
POINT_NUM  2
4 40.183285 5.855680 1.127945e+00 
5 39.732777 6.395070 1.110641e+00 
TRACK_ID  58
POINT_NUM  14
4 102.421425 37.010406 1.211229e+00 
5 105.639694 36.733444 2.203435e+00 
6 107.641800 36.197544 3.028426e+00 
7 110.164970 35.489590 3.155359e+00 
8 111.940392 34.203873 2.675410e+00 
9 114.055992 31.557327 2.290421e+00 
10 121.068291 29.953846 2.553940e+00 
11 123.207993 29.607265 3.039019e+00 
12 123.580254 28.397789 3.023631e+00 
13 122.136093 26.264168 3.027687e+00 
14 121.448380 24.551716 2.881311e+00 
15 120.787651 23.028427 2.636534e+00 
16 120.534584 21.604727 2.537712e+00 
17 120.061996 22.286949 2.375507e+00 
TRACK_ID  59
POINT_NUM  3
4 171.870071 32.422684 2.169667e+00 
5 174.954620 33.020004 2.995245e+00 
6 178.315491 34.860077 3.354689e+00 
TRACK_ID  60
POINT_NUM  3
5 318.684540 43.791775 3.332645e+00 
6 316.991852 41.098236 3.235496e+00 
7 311.216339 36.913479 2.795692e+00 
TRACK_ID  61
POINT_NUM  6
5 250.918900 36.820885 1.155097e+00 
6 252.569611 37.965263 1.971745e+00 
7 251.851212 38.292587 2.444411e+00 
8 253.500702 38.375782 2.469452e+00 
9 254.788696 38.412819 3.400439e+00 
10 255.369888 38.690521 3.344682e+00 
TRACK_ID  62
POINT_NUM  16
5 248.211029 0.569978 1.207427e+00 
6 246.804977 0.853056 1.123351e+00 
7 245.780167 0.338839 1.311821e+00 
8 245.759430 0.319875 1.443360e+00 
9 244.090530 0.372146 1.510648e+00 
10 242.408539 0.355409 1.572331e+00 
11 239.689041 0.613843 1.668921e+00 
12 236.886337 0.659448 1.711328e+00 
13 235.323059 0.533351 1.748139e+00 
14 234.137985 0.623483 1.680035e+00 
15 231.543686 1.489361 1.472108e+00 
16 229.384018 1.625082 1.494936e+00 
17 228.219528 0.699638 1.700940e+00 
18 226.076385 0.768192 1.653333e+00 
19 223.924362 0.773204 1.502980e+00 
20 223.921432 0.768158 1.427360e+00 
TRACK_ID  63
POINT_NUM  5
5 137.511520 17.972015 1.074281e+00 
6 136.241165 18.193243 1.093497e+00 
7 134.523712 18.217394 1.064778e+00 
8 133.390305 18.573824 1.280713e+00 
9 133.468155 18.767958 1.198978e+00 
TRACK_ID  64
POINT_NUM  8
6 85.580849 51.280922 3.042461e+00 
7 88.600739 50.586178 3.495881e+00 
8 89.304115 49.711353 3.439800e+00 
9 88.749283 49.426815 3.156666e+00 
10 91.083031 48.378559 3.148385e+00 
11 94.345413 47.353893 2.723410e+00 
12 96.755913 50.307255 2.668013e+00 
13 100.511391 50.309925 2.690586e+00 
TRACK_ID  65
POINT_NUM  8
6 117.500801 55.098320 1.872466e+00 
7 120.187912 55.347546 2.388897e+00 
8 119.027916 55.657574 2.613373e+00 
9 117.018379 55.814194 3.123520e+00 
10 119.024986 55.914062 3.045114e+00 
11 123.602760 56.718864 2.901918e+00 
12 128.234787 57.234367 2.671182e+00 
13 132.136444 57.775280 2.653431e+00 
TRACK_ID  66
POINT_NUM  34
7 40.688892 5.701717 1.241266e+00 
8 40.105663 5.386665 1.465262e+00 
9 39.569836 5.844948 1.451009e+00 
10 39.594364 5.901781 1.323426e+00 
11 39.547741 5.617315 1.684899e+00 
12 38.914715 5.478005 1.900312e+00 
13 38.179272 5.536799 1.674545e+00 
14 38.197781 5.330314 1.225614e+00 
15 39.353947 4.878054 1.538039e+00 
16 39.061565 4.907885 1.762133e+00 
17 38.041550 5.179319 1.435217e+00 
18 37.647438 5.659154 1.164160e+00 
19 38.441319 5.739303 1.604141e+00 
20 38.352425 5.968064 1.984535e+00 
21 38.384483 6.063058 1.613998e+00 
22 38.631664 5.997171 1.414931e+00 
23 38.378529 6.054835 1.961042e+00 
24 37.728809 6.298900 2.402371e+00 
25 37.093517 6.376890 1.968400e+00 
26 37.640327 6.214595 1.521773e+00 
27 38.204731 6.176539 2.072013e+00 
28 37.403629 6.467288 2.542796e+00 
29 36.089729 6.524499 2.125684e+00 
30 36.249222 6.619929 1.578205e+00 
31 37.973770 6.278053 1.829666e+00 
32 38.411877 6.422255 2.112990e+00 
33 38.342751 6.355865 1.865089e+00 
34 39.427025 5.987924 1.487206e+00 
35 39.972176 5.936915 1.850765e+00 
36 39.611172 6.099767 2.165834e+00 
37 39.043957 5.964355 1.846513e+00 
38 39.468338 5.510151 1.481100e+00 
39 39.677402 5.491244 1.811740e+00 
40 39.324516 5.794376 2.040720e+00 
TRACK_ID  67
POINT_NUM  1
7 43.778309 24.975969 2.205145e+00 
TRACK_ID  68
POINT_NUM  11
7 144.070892 75.702049 1.430627e+00 
8 141.281982 76.694160 1.498147e+00 
9 136.057373 77.039665 1.512598e+00 
10 127.452652 76.248001 1.758998e+00 
11 123.992622 75.959343 1.849626e+00 
12 120.799927 75.691704 1.929136e+00 
13 115.558365 76.838608 2.038893e+00 
14 110.610184 77.203300 2.347532e+00 
15 109.480804 76.724556 2.618897e+00 
16 108.475723 76.895683 2.854147e+00 
17 109.686134 76.656944 2.875759e+00 
TRACK_ID  69
POINT_NUM  12
7 47.842533 52.551853 3.820825e+00 
8 49.362904 52.552860 3.847432e+00 
9 51.116344 52.749912 3.719459e+00 
10 52.740681 53.041489 3.635763e+00 
11 53.746395 53.298943 3.582198e+00 
12 54.934071 53.547943 3.539364e+00 
13 56.227783 53.719383 3.514333e+00 
14 57.744865 53.782703 3.379330e+00 
15 59.126659 53.471844 3.234815e+00 
16 59.611629 52.643410 2.955767e+00 
17 59.708141 51.948383 2.808734e+00 
18 58.470470 51.441833 2.623367e+00 
TRACK_ID  70
POINT_NUM  3
7 85.150940 30.261747 1.385130e+00 
8 84.483765 31.094234 1.503809e+00 
9 87.039345 30.723183 1.074648e+00 
TRACK_ID  71
POINT_NUM  3
8 286.712555 45.996685 1.518924e+00 
9 290.886475 48.037086 1.409628e+00 
10 298.594604 49.148174 1.551702e+00 
TRACK_ID  72
POINT_NUM  2
8 23.030325 22.244043 1.119198e+00 
9 23.290754 22.380390 1.060163e+00 
TRACK_ID  73
POINT_NUM  2
8 157.513519 43.626785 1.631954e+00 
9 161.544464 42.415825 1.075218e+00 
TRACK_ID  74
POINT_NUM  8
8 164.282547 34.495380 1.689608e+00 
9 167.188095 35.209682 1.435849e+00 
10 169.677017 36.558434 1.626142e+00 
11 171.501999 36.100937 1.747518e+00 
12 172.947571 34.574837 1.764483e+00 
13 175.058746 32.621540 1.791567e+00 
14 177.010422 30.880737 1.606549e+00 
15 177.329254 28.011843 1.414910e+00 
TRACK_ID  75
POINT_NUM  7
8 156.052414 31.308620 1.849639e+00 
9 158.741135 30.393799 1.722481e+00 
10 161.184418 30.076866 1.724951e+00 
11 162.330124 30.173122 1.827198e+00 
12 163.373566 31.856546 1.999121e+00 
13 164.242737 32.097862 2.370744e+00 
14 164.668793 32.174404 2.702229e+00 
TRACK_ID  76
POINT_NUM  13
9 354.955536 32.278606 2.128823e+00 
10 354.864655 31.517700 2.031512e+00 
11 355.314941 31.349787 2.214005e+00 
12 356.480072 32.028725 2.299655e+00 
13 356.528412 31.594610 1.996488e+00 
14 356.478882 30.748369 1.877293e+00 
15 356.151245 31.281908 2.071854e+00 
16 356.010895 31.844576 2.237132e+00 
17 356.360474 31.744484 2.233841e+00 
18 356.629669 31.455660 2.112257e+00 
19 356.748199 31.205881 1.930843e+00 
20 355.600281 31.162781 1.773371e+00 
21 355.347107 32.226311 1.649818e+00 
TRACK_ID  77
POINT_NUM  3
9 296.654083 36.587395 2.126030e+00 
10 296.240295 37.415283 2.339527e+00 
11 300.790375 38.654560 2.347279e+00 
TRACK_ID  78
POINT_NUM  2
9 45.824463 20.835869 1.493828e+00 
10 46.629078 20.077816 1.376995e+00 
TRACK_ID  79
POINT_NUM  26
9 250.322357 17.187138 2.088405e+00 
10 249.327957 17.306717 2.029663e+00 
11 248.488022 17.252573 1.883708e+00 
12 247.661530 17.141457 1.773773e+00 
13 246.460526 17.575739 1.790811e+00 
14 245.253571 17.781416 1.862893e+00 
15 243.772339 17.915068 1.867940e+00 
16 242.629181 17.527109 1.838603e+00 
17 241.628159 17.398211 1.697291e+00 
18 240.761490 17.834974 1.580263e+00 
19 239.859985 18.425472 1.550416e+00 
20 239.681396 18.930231 1.420905e+00 
21 239.522476 19.735231 1.263689e+00 
22 239.750931 20.945395 1.282388e+00 
23 240.418167 22.112494 1.346077e+00 
24 240.596939 22.915096 1.403651e+00 
25 241.053864 23.895271 1.577964e+00 
26 241.584824 24.929853 1.741131e+00 
27 241.894592 25.774504 1.715855e+00 
28 242.857925 26.253950 1.702289e+00 
29 242.385422 27.050610 1.595510e+00 
30 241.476013 28.757172 1.430697e+00 
31 241.251541 30.062645 1.154529e+00 
32 241.274399 31.278658 1.155226e+00 
33 240.991867 31.776054 1.184789e+00 
34 240.492569 31.181520 1.059894e+00 
TRACK_ID  80
POINT_NUM  3
9 267.977905 38.622810 1.243660e+00 
10 270.723846 39.810680 2.130686e+00 
11 269.959320 39.589783 2.502325e+00 
TRACK_ID  81
POINT_NUM  1
9 242.431290 0.367417 1.504356e+00 
TRACK_ID  82
POINT_NUM  7
9 229.608292 28.967621 1.265198e+00 
10 230.641617 28.981972 1.219604e+00 
11 232.401367 29.535131 1.186618e+00 
12 235.534271 30.545471 1.259077e+00 
13 236.464661 30.689724 1.345320e+00 
14 237.065018 30.379005 1.178455e+00 
15 238.233093 31.017271 1.066928e+00 
TRACK_ID  83
POINT_NUM  3
9 181.634460 64.001892 3.516305e+00 
10 183.120239 66.829842 3.537937e+00 
11 189.103439 67.721123 3.666716e+00 
TRACK_ID  84
POINT_NUM  6
9 141.441711 45.629765 1.764058e+00 
10 145.093567 46.186554 1.689564e+00 
11 147.841324 48.429440 1.739465e+00 
12 150.196487 52.826569 2.284032e+00 
13 152.600464 54.648605 2.930962e+00 
14 158.206604 54.801544 2.545871e+00 
TRACK_ID  85
POINT_NUM  9
9 101.821358 19.592499 1.724204e+00 
10 101.603149 20.270117 1.728220e+00 
11 102.581459 20.374359 1.737862e+00 
12 103.011772 20.260107 2.132649e+00 
13 102.808136 20.055807 2.861403e+00 
14 101.804695 20.994322 3.244796e+00 
15 100.575356 19.237894 2.952093e+00 
16 100.888313 17.921856 2.625216e+00 
17 103.370354 17.898867 2.408359e+00 
TRACK_ID  86
POINT_NUM  2
9 180.393906 22.411648 1.038879e+00 
10 181.290482 22.480206 1.087138e+00 
TRACK_ID  87
POINT_NUM  2
10 286.975616 2.157715 1.123330e+00 
11 285.838837 1.678545 1.060225e+00 
TRACK_ID  88
POINT_NUM  6
10 303.738068 29.945841 1.779781e+00 
11 302.118866 29.701921 1.773736e+00 
12 299.104584 31.137529 1.770672e+00 
13 300.080475 30.918266 1.904547e+00 
14 299.548584 30.982834 1.839997e+00 
15 298.097443 30.974865 1.749887e+00 
TRACK_ID  89
POINT_NUM  2
10 307.889679 61.401699 1.201650e+00 
11 309.708862 63.051022 1.401435e+00 
TRACK_ID  90
POINT_NUM  1
16 7.641283 87.230293 3.632141e+00 
TRACK_ID  91
POINT_NUM  30
11 349.922272 42.474403 3.986060e+00 
12 351.803284 42.120148 4.105031e+00 
13 353.383514 41.787251 4.392689e+00 
14 355.064606 41.675644 4.288845e+00 
15 357.034180 41.418724 3.909665e+00 
16 359.291016 40.490963 3.275527e+00 
17 2.019840 37.806503 2.774243e+00 
18 5.143611 36.271393 2.339738e+00 
19 8.201820 35.458313 1.996886e+00 
20 11.587328 35.138653 1.863774e+00 
21 14.649092 34.906391 1.748178e+00 
22 18.279448 35.511768 1.580379e+00 
23 21.185101 36.398792 1.799898e+00 
24 22.961813 36.413704 1.929717e+00 
25 25.167339 36.902557 2.206612e+00 
26 28.078491 37.528034 2.328851e+00 
27 29.948788 37.610477 2.499293e+00 
28 30.840467 37.735096 2.513522e+00 
29 31.435663 38.119343 2.458626e+00 
30 32.339375 38.585972 2.266326e+00 
31 32.738628 38.949299 2.155819e+00 
32 33.049221 39.554455 2.397958e+00 
33 35.028065 40.471645 2.490983e+00 
34 38.323990 41.403763 2.591319e+00 
35 40.438129 41.955330 2.771539e+00 
36 41.266159 42.534317 2.929524e+00 
37 41.827805 43.103031 2.605930e+00 
38 43.876713 44.035381 2.134491e+00 
39 48.530155 44.341396 1.809443e+00 
40 53.181068 44.519867 1.787668e+00 
TRACK_ID  92
POINT_NUM  5
11 71.461807 62.038651 3.917664e+00 
12 76.795731 59.550518 4.086149e+00 
13 80.164230 57.696201 4.150599e+00 
14 83.351418 56.280167 3.922680e+00 
15 87.623283 54.829700 3.471099e+00 
TRACK_ID  93
POINT_NUM  3
11 92.755554 31.407143 1.971990e+00 
12 93.222763 31.389439 2.305467e+00 
13 95.868126 29.449999 1.740273e+00 
TRACK_ID  94
POINT_NUM  5
11 29.754343 21.855522 1.258618e+00 
12 30.387495 23.928102 1.701048e+00 
13 30.340694 25.109179 2.063651e+00 
14 30.771448 26.430138 1.803466e+00 
15 29.924978 25.617630 1.149455e+00 
TRACK_ID  95
POINT_NUM  2
11 55.995953 33.260395 1.432302e+00 
12 56.149445 32.734783 1.263929e+00 
TRACK_ID  96
POINT_NUM  3
11 79.669685 80.235466 2.160182e+00 
12 84.196304 80.288467 2.226984e+00 
13 91.014984 80.756668 2.101796e+00 
TRACK_ID  97
POINT_NUM  8
12 10.796284 25.118460 1.446159e+00 
13 11.064270 25.173624 2.067459e+00 
14 11.503441 25.519869 1.943597e+00 
15 11.754147 25.629395 2.093400e+00 
16 11.461932 25.334108 2.094978e+00 
17 12.013000 25.515757 1.898486e+00 
18 13.946550 25.919653 1.532148e+00 
19 20.187483 23.763723 1.630830e+00 
TRACK_ID  98
POINT_NUM  11
12 48.208321 18.107256 1.359322e+00 
13 47.818077 16.727255 1.562976e+00 
14 46.949104 15.820543 1.605526e+00 
15 45.673130 14.895960 1.593026e+00 
16 44.805939 14.412022 1.626208e+00 
17 44.598530 14.386381 1.621314e+00 
18 45.062950 14.412930 1.460820e+00 
19 44.633560 14.132881 1.340191e+00 
20 44.107574 14.272717 1.290672e+00 
21 44.933426 15.309368 1.242766e+00 
22 45.277103 15.330084 1.153742e+00 
TRACK_ID  99
POINT_NUM  29
12 279.131195 40.252594 2.930280e+00 
13 279.281158 40.489777 3.196080e+00 
14 280.615784 40.964367 3.235521e+00 
15 282.838531 41.324093 3.309135e+00 
16 285.466431 42.404182 3.577898e+00 
17 288.438873 43.888073 3.754417e+00 
18 291.506073 46.462673 4.031335e+00 
19 294.309448 49.136883 4.205665e+00 
20 298.339996 52.044449 4.136428e+00 
21 304.844666 53.678558 5.300989e+00 
22 305.947754 55.480255 6.105639e+00 
23 304.207367 57.522388 5.828091e+00 
24 301.951233 58.532078 5.111189e+00 
25 300.943604 59.046246 4.319652e+00 
26 300.825745 59.874084 3.930913e+00 
27 300.813599 60.011322 3.541304e+00 
28 294.961243 59.834251 3.328516e+00 
29 292.090607 58.437405 3.972483e+00 
30 292.643036 58.174995 4.587719e+00 
31 293.926788 58.496510 4.907680e+00 
32 295.120789 58.745628 5.009686e+00 
33 296.247772 59.213032 5.161721e+00 
34 297.327789 59.480309 5.153927e+00 
35 298.446259 60.701241 4.700717e+00 
36 296.776062 64.463814 4.281602e+00 
37 295.143402 66.287758 4.062084e+00 
38 292.429504 68.100510 3.980023e+00 
39 289.974548 69.346680 3.818746e+00 
40 287.252441 70.614441 3.849862e+00 
TRACK_ID  100
POINT_NUM  6
12 266.798126 27.179787 1.572957e+00 
13 265.832947 28.075052 1.775186e+00 
14 267.535767 27.945011 1.963779e+00 
15 268.605469 27.347084 1.938170e+00 
16 269.849274 26.987139 1.627217e+00 
17 270.969543 26.683249 1.174623e+00 
TRACK_ID  101
POINT_NUM  7
12 243.595322 43.526772 1.090653e+00 
13 247.940872 42.401024 1.864349e+00 
14 252.804718 41.567913 2.754553e+00 
15 255.824814 40.261539 3.531998e+00 
16 258.681702 39.682438 3.888194e+00 
17 258.064026 36.787460 3.665342e+00 
18 257.443573 35.123932 3.458114e+00 
TRACK_ID  102
POINT_NUM  5
14 316.029236 3.594294 1.273680e+00 
15 314.918884 4.132362 1.246183e+00 
16 313.119873 4.309025 1.273875e+00 
17 310.837646 4.435426 1.353255e+00 
18 309.699066 4.639371 1.141345e+00 
TRACK_ID  103
POINT_NUM  9
14 55.788280 31.798927 1.211742e+00 
15 55.420971 31.602795 1.684838e+00 
16 55.111263 31.287178 1.720845e+00 
17 55.105766 30.101433 1.766816e+00 
18 55.661530 29.494081 2.122500e+00 
19 55.770920 29.904190 2.640162e+00 
20 55.831360 29.825264 2.725547e+00 
21 55.768688 29.286180 1.956911e+00 
22 57.333389 28.899002 1.619542e+00 
TRACK_ID  104
POINT_NUM  1
14 145.013336 59.731617 3.612559e+00 
TRACK_ID  105
POINT_NUM  6
14 222.916702 31.321115 2.199862e+00 
15 223.723114 31.084095 1.999981e+00 
16 224.937363 31.195652 2.146925e+00 
17 227.843887 30.840551 1.972998e+00 
18 229.202728 30.187300 1.639874e+00 
19 229.170013 29.836979 1.559977e+00 
TRACK_ID  106
POINT_NUM  10
14 203.572739 31.300001 1.951550e+00 
15 200.209366 32.144871 2.098449e+00 
16 200.588013 33.242512 2.348776e+00 
17 200.916443 35.000874 2.646335e+00 
18 200.524948 37.703934 3.054556e+00 
19 197.254150 43.315941 3.654610e+00 
20 195.714111 44.529663 4.124305e+00 
21 194.229187 45.237991 4.280139e+00 
22 193.275177 46.178402 4.160975e+00 
23 193.369293 47.815784 4.009467e+00 
TRACK_ID  107
POINT_NUM  3
14 111.177200 48.395134 2.779209e+00 
15 114.998993 44.901340 3.116761e+00 
16 118.257927 43.117916 2.288949e+00 
TRACK_ID  108
POINT_NUM  7
15 248.770630 54.120571 1.824618e+00 
16 250.098618 53.734867 2.202488e+00 
17 250.950745 53.926941 2.522523e+00 
18 251.185959 54.027279 2.870947e+00 
19 250.103912 54.198338 2.798785e+00 
20 247.459320 54.099388 2.643735e+00 
21 246.395508 53.767918 2.501534e+00 
TRACK_ID  109
POINT_NUM  3
15 29.071096 53.006512 1.269959e+00 
16 28.284506 55.908653 1.990113e+00 
17 28.674040 57.911709 2.711331e+00 
TRACK_ID  110
POINT_NUM  8
15 95.765671 31.596544 1.757297e+00 
16 96.295601 31.297575 1.805351e+00 
17 93.148323 31.655914 1.397465e+00 
18 93.611198 31.776461 1.602917e+00 
19 94.464035 31.717791 2.178306e+00 
20 95.242874 31.718828 2.267287e+00 
21 95.483513 31.187683 1.446854e+00 
22 94.012657 31.020340 1.382957e+00 
TRACK_ID  111
POINT_NUM  15
16 313.364716 31.580275 2.193968e+00 
17 311.057373 30.662128 1.991602e+00 
18 308.925201 30.242729 2.003065e+00 
19 307.093689 30.231251 2.101146e+00 
20 307.389648 31.757421 2.302549e+00 
21 307.000061 32.308052 2.628300e+00 
22 309.142334 32.660118 2.607989e+00 
23 316.040070 34.627571 2.618468e+00 
24 318.897949 34.766182 2.684860e+00 
25 321.581238 34.405735 2.681227e+00 
26 324.248779 33.956070 2.444803e+00 
27 326.726166 33.081337 2.107442e+00 
28 328.196136 33.148468 1.881778e+00 
29 328.887329 33.227272 1.784790e+00 
30 329.250336 33.108131 1.631244e+00 
TRACK_ID  112
POINT_NUM  11
15 144.225616 61.095848 3.843223e+00 
16 135.012756 60.017143 3.164456e+00 
17 129.590469 58.944118 2.857533e+00 
18 125.190453 58.434513 3.388800e+00 
19 122.820824 58.101276 4.202170e+00 
20 124.099037 57.720287 4.473778e+00 
21 126.285011 57.308887 4.286232e+00 
22 127.862259 56.824139 3.768560e+00 
23 128.887207 56.369350 2.636928e+00 
24 129.907730 55.992432 1.645304e+00 
25 130.487839 55.710682 1.088819e+00 
TRACK_ID  113
POINT_NUM  4
16 96.700302 49.586411 3.682533e+00 
17 97.586601 50.215504 3.406977e+00 
18 100.342834 48.111034 2.807038e+00 
19 104.007217 45.380173 2.048749e+00 
TRACK_ID  114
POINT_NUM  6
16 129.936417 31.700027 2.010033e+00 
17 132.737564 30.818525 2.165764e+00 
18 132.561340 29.568769 2.260020e+00 
19 135.023987 29.668945 2.395566e+00 
20 139.404160 30.803913 2.361427e+00 
21 144.990402 32.539867 2.604087e+00 
TRACK_ID  115
POINT_NUM  3
16 110.798157 22.561251 2.549367e+00 
17 110.612556 21.753815 2.557064e+00 
18 108.974823 20.821795 2.552238e+00 
TRACK_ID  116
POINT_NUM  7
16 154.430862 23.838945 1.805251e+00 
17 154.758774 22.672291 1.932029e+00 
18 154.754974 22.459522 1.860396e+00 
19 154.224579 22.335585 1.792172e+00 
20 153.277954 22.017885 1.609534e+00 
21 152.562454 22.436495 1.587579e+00 
22 152.794067 23.336306 1.810979e+00 
TRACK_ID  117
POINT_NUM  14
16 205.512604 6.259840 1.355256e+00 
17 203.463745 6.974802 1.420971e+00 
18 201.744736 7.814879 1.488825e+00 
19 200.048386 8.577230 1.478835e+00 
20 198.136719 9.085920 1.523239e+00 
21 196.288712 9.981077 1.599103e+00 
22 195.820312 10.477637 1.591183e+00 
23 195.028442 10.880532 1.524654e+00 
24 193.507980 11.324873 1.509717e+00 
25 192.938934 12.020641 1.517420e+00 
26 193.248047 12.612473 1.541298e+00 
27 194.358810 13.933558 1.687128e+00 
28 195.509384 15.177662 1.820041e+00 
29 195.655579 15.379375 1.803423e+00 
TRACK_ID  118
POINT_NUM  8
17 338.874084 44.618015 4.046740e+00 
18 341.180847 43.445293 3.931349e+00 
19 343.812683 42.426144 3.547297e+00 
20 346.898926 41.903572 3.352443e+00 
21 349.955139 41.624691 3.439498e+00 
22 352.417145 41.359077 3.451783e+00 
23 354.721008 41.045719 3.254849e+00 
24 357.716156 41.559582 2.454938e+00 
TRACK_ID  119
POINT_NUM  4
17 211.728180 32.010689 1.792533e+00 
18 211.764023 31.567507 1.893507e+00 
19 212.425140 29.537148 1.973527e+00 
20 212.866760 28.609581 2.051625e+00 
TRACK_ID  120
POINT_NUM  9
17 144.405746 35.753761 1.569102e+00 
18 149.899094 37.901455 2.543262e+00 
19 153.096710 38.027756 3.111758e+00 
20 156.251022 38.847973 3.162789e+00 
21 159.968048 40.949680 3.325590e+00 
22 162.306168 41.633148 3.912079e+00 
23 164.601822 42.380028 4.397911e+00 
24 166.905624 43.633308 5.403243e+00 
25 167.853180 44.521812 6.081728e+00 
TRACK_ID  121
POINT_NUM  6
17 103.773064 35.350418 1.294367e+00 
18 106.740761 35.301788 2.586859e+00 
19 108.957970 35.538441 2.997037e+00 
20 111.774933 39.164772 3.172367e+00 
21 113.585617 39.918808 2.596543e+00 
22 114.386528 37.494972 1.755215e+00 
TRACK_ID  122
POINT_NUM  2
17 127.117790 42.353882 1.320800e+00 
18 131.369965 41.576733 1.361343e+00 
TRACK_ID  123
POINT_NUM  4
18 290.471802 30.678484 2.071058e+00 
19 292.165405 30.325235 1.974451e+00 
20 292.118835 28.881594 1.517927e+00 
21 292.654602 28.858559 1.337786e+00 
TRACK_ID  124
POINT_NUM  2
18 297.213501 38.211117 2.787727e+00 
19 302.846191 40.013351 2.800563e+00 
TRACK_ID  125
POINT_NUM  7
18 359.746338 55.979919 3.064209e+00 
19 0.626703 55.598167 2.750984e+00 
20 0.841269 56.620777 2.828219e+00 
21 1.339893 57.445511 2.882010e+00 
22 1.979410 57.725712 2.915848e+00 
23 2.483778 58.213741 2.896750e+00 
24 3.536601 59.537460 2.787858e+00 
TRACK_ID  126
POINT_NUM  5
18 46.065674 54.483826 2.692766e+00 
19 49.977646 52.904629 3.260821e+00 
20 51.156586 52.369572 3.649273e+00 
21 50.912430 52.586514 3.722436e+00 
22 49.239578 53.745926 3.415532e+00 
TRACK_ID  127
POINT_NUM  12
18 174.214050 56.008408 6.542038e+00 
19 177.339325 59.893639 6.609593e+00 
20 180.531998 62.437973 6.117780e+00 
21 185.217102 64.703262 5.590054e+00 
22 191.728394 65.847748 5.870134e+00 
23 198.329437 65.976395 6.019676e+00 
24 204.171860 66.346390 6.232737e+00 
25 209.855820 65.895309 6.573023e+00 
26 215.766739 64.035477 6.335801e+00 
27 221.655640 62.490925 5.965501e+00 
28 227.047653 60.722580 5.389833e+00 
29 232.652618 58.539360 3.863288e+00 
TRACK_ID  128
POINT_NUM  4
18 169.828430 39.561878 5.550815e+00 
19 170.880539 36.382858 3.996036e+00 
20 170.576065 30.526390 2.593122e+00 
21 166.481720 25.477776 2.211614e+00 
TRACK_ID  129
POINT_NUM  8
18 89.671967 17.402540 1.745592e+00 
19 87.813942 17.348675 1.682488e+00 
20 86.142487 17.166918 1.710512e+00 
21 84.631126 17.066332 1.636743e+00 
22 83.033745 17.054434 1.417535e+00 
23 80.892899 17.591269 1.478854e+00 
24 79.237198 18.040283 1.518213e+00 
25 78.326286 18.307276 1.155568e+00 
TRACK_ID  130
POINT_NUM  3
19 174.955673 21.565941 1.501086e+00 
20 176.021072 20.497641 1.279703e+00 
21 177.445465 20.071083 1.018104e+00 
TRACK_ID  131
POINT_NUM  10
19 92.114922 51.150967 2.318660e+00 
20 94.020943 51.048740 2.648426e+00 
21 94.369240 51.619488 2.875585e+00 
22 95.071693 51.371494 3.054259e+00 
23 94.064537 50.053246 3.104624e+00 
24 95.197159 48.534290 3.258713e+00 
25 94.997322 47.422024 2.868732e+00 
26 97.842270 47.100067 2.983791e+00 
27 100.306564 46.861881 2.653795e+00 
28 102.707146 46.271564 1.579022e+00 
TRACK_ID  132
POINT_NUM  3
19 79.796257 43.647102 1.221012e+00 
20 80.167114 44.107018 1.671881e+00 
21 81.840126 45.089565 2.096435e+00 
TRACK_ID  133
POINT_NUM  16
19 103.999565 17.916740 2.270167e+00 
20 103.677979 17.880226 1.770936e+00 
21 104.071785 18.724554 1.946138e+00 
22 104.111374 19.650230 2.205974e+00 
23 103.474854 19.133425 2.347673e+00 
24 102.645699 18.190207 2.458149e+00 
25 101.116798 17.559921 2.573634e+00 
26 99.692024 17.174192 2.513475e+00 
27 98.151840 16.767952 2.610212e+00 
28 96.786934 16.518877 2.646881e+00 
29 95.614769 16.646570 2.550532e+00 
30 93.765305 17.866125 2.373158e+00 
31 92.094246 18.498831 2.326947e+00 
32 90.140381 19.068739 2.331054e+00 
33 88.379372 19.498091 2.277203e+00 
34 86.479156 19.541346 2.240955e+00 
TRACK_ID  134
POINT_NUM  1
19 110.112625 0.326427 1.204390e+00 
TRACK_ID  135
POINT_NUM  3
20 278.411041 38.889736 3.143165e+00 
21 277.144043 39.813786 3.227704e+00 
22 274.194244 37.631264 3.045951e+00 
TRACK_ID  136
POINT_NUM  12
21 204.803940 54.246681 3.945873e+00 
22 203.648300 53.628738 3.699771e+00 
23 199.074570 53.258102 3.781489e+00 
24 196.504440 52.218853 4.324656e+00 
25 196.289047 52.165543 4.330838e+00 
26 195.240601 50.711384 4.135283e+00 
27 193.233490 48.781845 4.131708e+00 
28 191.242004 48.191467 4.125978e+00 
29 190.086838 48.415783 4.127810e+00 
30 190.004074 48.697723 4.153960e+00 
31 189.963394 48.220165 4.133374e+00 
32 189.564255 48.109394 3.913566e+00 
TRACK_ID  137
POINT_NUM  2
21 226.796402 27.940918 1.258325e+00 
22 226.945175 27.061447 1.116641e+00 
TRACK_ID  138
POINT_NUM  7
21 259.762482 30.567358 2.404725e+00 
22 260.290283 28.702084 2.590341e+00 
23 261.506042 27.850843 2.303280e+00 
24 261.993988 27.912098 2.352908e+00 
25 261.804169 26.707272 2.246284e+00 
26 261.574310 25.099123 2.063596e+00 
27 262.536072 24.956436 1.404305e+00 
TRACK_ID  139
POINT_NUM  6
21 220.710495 0.634007 1.325117e+00 
22 221.779053 0.704136 1.292907e+00 
23 221.703827 1.806769 1.120425e+00 
24 220.608353 1.877454 1.116595e+00 
25 219.644989 2.688464 1.120431e+00 
26 220.264893 3.511183 1.089653e+00 
TRACK_ID  140
POINT_NUM  4
21 111.248085 29.468102 2.051460e+00 
22 111.529427 29.048386 2.453763e+00 
23 112.182587 29.077930 2.056393e+00 
24 113.684120 28.994576 1.761816e+00 
TRACK_ID  141
POINT_NUM  9
22 351.825562 68.477333 3.354244e+00 
23 356.652283 69.031242 3.774510e+00 
24 0.324310 69.776466 4.038283e+00 
25 2.592886 70.243019 4.377741e+00 
26 4.468126 70.805939 4.537178e+00 
27 6.556951 71.623489 4.794261e+00 
28 9.948742 73.278755 4.883297e+00 
29 15.054122 74.606148 4.894815e+00 
30 22.520594 75.013191 4.501016e+00 
TRACK_ID  142
POINT_NUM  8
22 68.930275 47.682888 2.051122e+00 
23 70.338295 46.465668 2.078010e+00 
24 73.579330 45.081177 1.980529e+00 
25 76.984802 44.349648 1.918169e+00 
26 76.698685 43.233547 1.828840e+00 
27 76.138023 41.675419 2.040531e+00 
28 75.982750 40.736797 1.865746e+00 
29 76.455971 41.532436 1.392853e+00 
TRACK_ID  143
POINT_NUM  1
22 278.393646 39.189770 3.097995e+00 
TRACK_ID  144
POINT_NUM  9
22 237.666138 4.991124 1.105902e+00 
23 236.362671 5.526312 1.417236e+00 
24 235.424286 5.896071 1.611165e+00 
25 234.357986 6.098083 1.684833e+00 
26 233.363205 6.161307 1.736012e+00 
27 232.022079 6.140984 1.666757e+00 
28 230.251678 5.932471 1.633703e+00 
29 227.353653 6.033538 1.585353e+00 
30 224.646103 5.951077 1.558385e+00 
TRACK_ID  145
POINT_NUM  4
22 211.562759 3.433544 1.124331e+00 
23 209.638565 3.400589 1.089309e+00 
24 208.362701 3.320392 1.064200e+00 
25 206.230499 3.438437 1.043834e+00 
TRACK_ID  146
POINT_NUM  3
23 324.380249 46.302288 3.530466e+00 
24 328.953888 46.363033 3.277979e+00 
25 332.631622 42.448387 2.831360e+00 
TRACK_ID  147
POINT_NUM  3
23 283.782166 46.557354 2.004111e+00 
24 285.987396 46.868980 1.934703e+00 
25 287.690735 47.530403 1.440343e+00 
TRACK_ID  148
POINT_NUM  9
23 31.302452 37.950062 1.350022e+00 
24 34.161327 39.978352 1.840097e+00 
25 36.639149 40.531071 2.129217e+00 
26 38.514988 40.868725 2.190052e+00 
27 40.774849 41.092915 2.392057e+00 
28 41.967052 41.242329 2.422381e+00 
29 43.168427 41.179680 2.076228e+00 
30 44.263271 41.091305 1.601613e+00 
31 44.504398 41.312393 1.357898e+00 
TRACK_ID  149
POINT_NUM  1
23 47.594891 25.497732 1.771022e+00 
TRACK_ID  150
POINT_NUM  6
23 204.907425 30.513594 2.003347e+00 
24 202.666962 28.907482 2.062909e+00 
25 201.879944 27.603397 2.234374e+00 
26 201.675385 26.555355 2.055830e+00 
27 201.498550 25.220181 1.849786e+00 
28 201.376633 23.725695 1.497228e+00 
TRACK_ID  151
POINT_NUM  4
24 342.354584 22.132851 1.246291e+00 
25 341.732544 21.378723 1.532552e+00 
26 340.138153 20.857176 1.503776e+00 
27 338.332275 20.243118 1.213349e+00 
TRACK_ID  152
POINT_NUM  4
24 358.017395 33.651352 2.103771e+00 
25 359.404083 33.214836 2.143276e+00 
26 2.182943 33.899494 1.686527e+00 
27 6.597508 35.385204 1.253994e+00 
TRACK_ID  153
POINT_NUM  10
24 108.282104 38.259594 1.865116e+00 
25 109.932312 39.694759 2.545199e+00 
26 111.474854 39.712284 3.184466e+00 
27 113.249641 39.593365 2.734778e+00 
28 116.471428 36.921833 2.203949e+00 
29 119.449997 36.409237 1.935606e+00 
30 123.274361 36.827312 1.859234e+00 
31 126.884056 36.599796 2.086267e+00 
32 129.351501 36.801662 2.150220e+00 
33 132.056122 36.572811 2.073805e+00 
TRACK_ID  154
POINT_NUM  7
24 257.966125 46.570606 2.273069e+00 
25 260.049683 44.816734 3.007957e+00 
26 262.004913 43.524448 3.471774e+00 
27 265.452026 43.908417 3.282979e+00 
28 268.422363 40.982670 3.137699e+00 
29 272.330048 39.753868 3.246602e+00 
30 278.368866 42.511971 3.345107e+00 
TRACK_ID  155
POINT_NUM  17
24 211.962936 25.126688 1.671289e+00 
25 212.765518 24.320250 1.453713e+00 
26 212.407455 24.087765 1.387932e+00 
27 210.955978 24.564795 1.347159e+00 
28 211.305069 24.539007 1.203668e+00 
29 211.980423 24.679501 1.275045e+00 
30 212.434708 25.181505 1.440362e+00 
31 213.984192 25.309879 1.384793e+00 
32 215.867950 25.373857 1.320412e+00 
33 217.041901 25.299837 1.284201e+00 
34 215.337021 22.480671 1.188946e+00 
35 214.402588 21.366516 1.300560e+00 
36 214.228653 20.874926 1.347589e+00 
37 213.686325 21.046492 1.295634e+00 
38 213.484909 21.235847 1.428235e+00 
39 213.538147 20.639023 1.317280e+00 
40 213.768387 20.035364 1.167644e+00 
TRACK_ID  156
POINT_NUM  13
24 166.080475 50.528313 5.072520e+00 
25 169.430969 52.476170 6.140436e+00 
26 172.626587 56.393242 6.828095e+00 
27 176.983109 59.505955 7.247794e+00 
28 182.260971 61.546921 7.134795e+00 
29 188.824097 62.808346 6.678209e+00 
30 195.970123 63.833572 6.529238e+00 
31 203.876999 63.963936 6.876758e+00 
32 209.286331 63.553516 6.899542e+00 
33 214.570755 62.728302 6.665826e+00 
34 219.617630 61.533855 5.700889e+00 
35 227.185516 60.824745 4.936746e+00 
36 232.365356 58.649853 4.252376e+00 
TRACK_ID  157
POINT_NUM  4
25 297.000092 64.997505 3.829103e+00 
26 296.922607 65.363724 3.898746e+00 
27 297.322235 65.545288 3.431600e+00 
28 297.371399 65.162506 3.214121e+00 
TRACK_ID  158
POINT_NUM  12
25 298.167450 79.859962 2.659495e+00 
26 289.000275 80.413445 2.159100e+00 
27 280.376221 80.604797 1.909683e+00 
28 274.715332 81.331421 2.162589e+00 
29 270.859619 82.019012 2.723994e+00 
30 269.880920 82.435814 3.116278e+00 
31 271.629578 82.793068 3.274905e+00 
32 273.918976 83.298660 3.453360e+00 
33 273.672058 84.017845 3.524214e+00 
34 271.774200 84.780220 3.537673e+00 
35 260.091095 87.051102 3.691111e+00 
36 262.240265 87.271523 3.876256e+00 
TRACK_ID  159
POINT_NUM  7
25 251.717636 35.095085 1.083140e+00 
26 250.995392 37.386761 1.475573e+00 
27 250.978897 37.919384 1.721079e+00 
28 252.887375 38.284203 1.842960e+00 
29 254.117523 38.436230 2.363518e+00 
30 254.472672 38.572964 2.392775e+00 
31 255.485031 41.685650 1.720371e+00 
TRACK_ID  160
POINT_NUM  2
26 293.613678 36.980797 2.708703e+00 
27 297.831543 37.566154 2.556027e+00 
TRACK_ID  161
POINT_NUM  3
26 279.904968 26.424606 1.136958e+00 
27 280.407776 27.265629 1.119313e+00 
28 280.297241 25.975513 1.019127e+00 
TRACK_ID  162
POINT_NUM  3
26 305.567993 26.863253 1.134161e+00 
27 305.723114 27.605291 1.041755e+00 
28 307.364349 28.853342 1.060295e+00 
TRACK_ID  163
POINT_NUM  2
26 339.581207 47.044704 2.830085e+00 
27 342.714050 47.245140 2.421283e+00 
TRACK_ID  164
POINT_NUM  3
26 116.309517 25.030464 2.299897e+00 
27 113.515030 23.617138 2.160927e+00 
28 114.147957 23.517206 2.114668e+00 
TRACK_ID  165
POINT_NUM  3
26 45.227058 16.349939 1.313230e+00 
27 44.894409 18.078079 1.304419e+00 
28 45.466148 19.748459 1.488817e+00 
TRACK_ID  166
POINT_NUM  5
26 250.756317 15.635471 1.571710e+00 
27 250.291138 15.646565 1.668196e+00 
28 249.584381 15.504907 1.603246e+00 
29 247.650238 15.721401 1.438426e+00 
30 245.270996 16.339029 1.258373e+00 
TRACK_ID  167
POINT_NUM  15
26 94.871918 31.430490 2.103626e+00 
27 96.376930 31.711290 2.409718e+00 
28 97.291695 31.506527 2.378363e+00 
29 99.316093 33.234570 1.801164e+00 
30 102.257858 35.374298 2.717385e+00 
31 104.994820 34.752735 4.497892e+00 
32 106.108116 34.554409 4.551688e+00 
33 107.791321 34.456474 3.944141e+00 
34 108.654701 33.536190 4.607386e+00 
35 109.296257 32.221733 4.849453e+00 
36 110.140518 30.674873 4.330830e+00 
37 111.232094 29.067266 3.761798e+00 
38 111.682434 28.188889 4.081178e+00 
39 112.461586 27.974098 3.517853e+00 
40 113.065742 29.022053 3.200256e+00 
TRACK_ID  168
POINT_NUM  8
26 141.669983 40.424435 1.229228e+00 
27 144.777374 40.758347 1.911251e+00 
28 149.079773 41.873173 2.360802e+00 
29 151.277817 42.900932 2.607462e+00 
30 153.416412 44.157116 2.473355e+00 
31 156.919174 47.082394 2.216317e+00 
32 160.119553 49.781372 2.290074e+00 
33 162.342010 51.940060 2.045984e+00 
TRACK_ID  169
POINT_NUM  1
27 310.742310 41.566254 1.389681e+00 
TRACK_ID  170
POINT_NUM  1
27 2.165228 30.988146 1.250177e+00 
TRACK_ID  171
POINT_NUM  6
27 9.865547 22.049475 1.071842e+00 
28 9.594929 22.118273 1.178386e+00 
29 8.432073 23.058752 1.039908e+00 
30 8.985731 22.787695 1.094224e+00 
31 10.227983 22.697685 1.349334e+00 
32 8.465825 22.116514 1.163206e+00 
TRACK_ID  172
POINT_NUM  7
27 167.173233 38.394974 2.867897e+00 
28 166.682800 33.361874 2.762680e+00 
29 165.387695 32.305080 2.833722e+00 
30 163.852432 31.979366 2.709425e+00 
31 163.335617 31.958340 2.408789e+00 
32 163.453354 32.333576 1.769850e+00 
33 164.108765 33.791645 1.253454e+00 
TRACK_ID  173
POINT_NUM  8
27 113.138023 53.005985 1.722141e+00 
28 115.928108 53.197647 1.575521e+00 
29 121.702362 52.827442 1.533191e+00 
30 128.355301 51.986202 1.862162e+00 
31 132.052399 51.765545 2.129498e+00 
32 135.620407 51.550442 2.197212e+00 
33 138.986145 50.865639 1.996045e+00 
34 142.562805 50.077404 1.787440e+00 
TRACK_ID  174
POINT_NUM  13
27 139.082840 28.375629 1.166592e+00 
28 138.614594 28.152985 1.399286e+00 
29 138.351913 27.509653 1.610162e+00 
30 137.590805 26.651264 1.823982e+00 
31 135.993546 25.914030 2.031795e+00 
32 134.511566 25.109430 2.219339e+00 
33 133.057159 24.673849 2.312229e+00 
34 132.117355 24.338329 2.418259e+00 
35 131.638306 23.522366 2.398079e+00 
36 131.386261 20.956440 2.089468e+00 
37 130.959274 18.968189 1.802563e+00 
38 130.073883 17.741142 1.425383e+00 
39 128.539703 16.291817 1.150034e+00 
TRACK_ID  175
POINT_NUM  7
28 310.023743 5.263835 1.083884e+00 
29 308.545074 5.539197 1.339256e+00 
30 307.738647 6.341294 1.232970e+00 
31 308.125000 7.085603 1.115976e+00 
32 306.276550 7.433939 1.390575e+00 
33 304.914764 7.209675 1.589422e+00 
34 303.785095 7.133832 1.481902e+00 
TRACK_ID  176
POINT_NUM  3
28 344.362823 40.807243 1.925594e+00 
29 347.085022 39.648754 1.647242e+00 
30 348.373291 38.563927 1.169506e+00 
TRACK_ID  177
POINT_NUM  7
28 11.315203 63.070782 3.632673e+00 
29 10.718999 62.826565 3.431217e+00 
30 10.395376 62.864811 3.060914e+00 
31 6.567671 60.754501 2.806388e+00 
32 4.969911 59.755192 3.012426e+00 
33 5.167274 59.942791 3.124825e+00 
34 5.906715 60.882092 2.878167e+00 
TRACK_ID  178
POINT_NUM  2
28 183.752548 71.654991 3.909278e+00 
29 197.677414 70.867096 4.423101e+00 
TRACK_ID  179
POINT_NUM  1
28 99.739388 55.426159 1.211340e+00 
TRACK_ID  180
POINT_NUM  13
28 95.119568 1.166337 1.070469e+00 
29 94.131134 1.246289 1.295828e+00 
30 93.594688 1.282502 1.555395e+00 
31 93.342880 1.297762 1.735093e+00 
32 93.268829 1.302039 1.837164e+00 
33 93.008049 1.316334 1.896187e+00 
34 92.809525 1.326418 1.914995e+00 
35 92.478333 1.341708 1.800899e+00 
36 91.675911 1.370803 1.655923e+00 
37 89.608246 1.393971 1.694807e+00 
38 89.083183 1.387977 1.894623e+00 
39 88.808769 1.382929 2.004256e+00 
40 88.715668 1.380918 2.001152e+00 
TRACK_ID  181
POINT_NUM  2
29 45.095757 14.503975 1.277868e+00 
30 45.103580 13.421767 1.216069e+00 
TRACK_ID  182
POINT_NUM  8
29 53.243473 34.388599 1.249668e+00 
30 53.444824 35.004402 1.311714e+00 
31 54.715572 35.049446 2.058872e+00 
32 56.100597 34.791443 2.544395e+00 
33 57.897602 34.496422 2.148734e+00 
34 59.424519 34.770454 1.864927e+00 
35 60.954979 34.959377 1.834428e+00 
36 63.248081 35.103020 1.256416e+00 
TRACK_ID  183
POINT_NUM  1
29 114.469566 42.764679 1.691278e+00 
TRACK_ID  184
POINT_NUM  4
30 325.599518 20.493282 1.029342e+00 
31 323.436218 20.382715 1.126953e+00 
32 321.003143 19.658875 1.129345e+00 
33 318.641296 20.355890 1.344123e+00 
TRACK_ID  185
POINT_NUM  4
30 260.556152 31.118292 2.095005e+00 
31 263.033112 29.741829 1.869694e+00 
32 262.815796 28.854677 1.733399e+00 
33 262.612762 27.632044 1.162550e+00 
TRACK_ID  186
POINT_NUM  11
30 246.324982 53.868305 3.068984e+00 
31 251.780685 51.968834 2.544959e+00 
32 258.752869 48.602390 2.225100e+00 
33 264.810547 47.842350 2.165711e+00 
34 268.734589 47.777172 2.035807e+00 
35 272.133392 47.294075 1.506868e+00 
36 280.663300 44.971031 1.473361e+00 
37 283.692444 46.234081 1.500352e+00 
38 287.587860 51.063152 1.820778e+00 
39 289.948120 52.515472 2.404520e+00 
40 292.363922 53.776096 2.607346e+00 
TRACK_ID  187
POINT_NUM  6
30 203.779800 22.156176 1.328608e+00 
31 204.458267 21.970358 1.715870e+00 
32 204.541473 21.786425 2.085585e+00 
33 204.290222 21.601570 2.325964e+00 
34 204.072968 21.500319 2.428010e+00 
35 204.501221 21.656445 2.257254e+00 
TRACK_ID  188
POINT_NUM  11
30 192.256516 12.541162 1.702886e+00 
31 192.780716 12.578106 2.034395e+00 
32 194.060471 13.314631 2.381510e+00 
33 194.969345 13.663859 2.378782e+00 
34 195.025604 13.127168 2.280461e+00 
35 195.896286 13.784391 2.281580e+00 
36 196.828339 14.466821 2.279940e+00 
37 197.129440 14.748009 2.204211e+00 
38 197.038483 14.856504 2.048220e+00 
39 196.707352 14.717515 1.920829e+00 
40 196.320465 14.538132 1.776699e+00 
TRACK_ID  189
POINT_NUM  3
30 99.685951 87.253853 1.409826e+00 
31 108.445694 87.193748 1.489132e+00 
32 115.111412 87.087776 1.793565e+00 
TRACK_ID  190
POINT_NUM  5
30 142.866776 38.814262 2.473410e+00 
31 143.138687 38.128109 3.092052e+00 
32 143.889008 37.711002 2.932195e+00 
33 144.630875 37.754013 2.789666e+00 
34 146.083755 39.757233 2.630436e+00 
TRACK_ID  191
POINT_NUM  2
31 316.857483 35.702396 1.583308e+00 
32 321.004608 34.517284 1.829703e+00 
TRACK_ID  192
POINT_NUM  10
31 355.200348 30.996056 1.341773e+00 
32 355.540192 30.689373 2.094878e+00 
33 356.005157 30.608936 1.923692e+00 
34 356.949585 31.301718 1.622588e+00 
35 357.771515 32.048634 1.965150e+00 
36 357.219086 31.608549 2.012311e+00 
37 355.596130 31.032967 1.955734e+00 
38 355.113922 30.034786 1.812482e+00 
39 355.322540 30.083252 2.176949e+00 
40 355.339264 30.792925 2.367916e+00 
TRACK_ID  193
POINT_NUM  2
31 46.160042 23.892916 1.294238e+00 
32 46.258350 21.794125 1.286289e+00 
TRACK_ID  194
POINT_NUM  2
31 354.605225 43.322281 1.144908e+00 
32 357.125885 42.906857 1.347403e+00 
TRACK_ID  195
POINT_NUM  10
31 38.077644 69.759377 4.426782e+00 
32 40.326260 67.537857 4.404283e+00 
33 46.837399 66.528244 4.424852e+00 
34 51.579296 65.769630 4.663684e+00 
35 54.291130 64.809616 4.676388e+00 
36 57.333683 63.483704 4.467739e+00 
37 60.171284 61.872284 3.961068e+00 
38 63.988907 59.947124 3.514775e+00 
39 67.284981 57.865925 3.248198e+00 
40 69.902252 56.394550 3.182362e+00 
TRACK_ID  196
POINT_NUM  7
31 79.893394 44.782318 2.025595e+00 
32 82.955574 44.914661 1.799326e+00 
33 89.841125 46.355972 1.275489e+00 
34 91.491905 49.433334 1.597164e+00 
35 94.021935 49.105392 2.046516e+00 
36 97.847214 47.986881 2.528791e+00 
37 99.814232 47.058197 1.875150e+00 
TRACK_ID  197
POINT_NUM  10
31 241.803497 18.629078 1.227709e+00 
32 240.690323 19.408564 1.205877e+00 
33 240.008636 20.667265 1.136009e+00 
34 239.100647 20.797848 1.217896e+00 
35 237.900925 20.742773 1.368229e+00 
36 237.025009 21.054571 1.428993e+00 
37 235.869125 21.625479 1.526844e+00 
38 234.468109 21.440050 1.735015e+00 
39 233.198517 22.012207 2.012879e+00 
40 233.364563 22.369188 2.144639e+00 
TRACK_ID  198
POINT_NUM  2
31 229.756027 32.452614 1.189788e+00 
32 230.863251 32.590313 1.140346e+00 
TRACK_ID  199
POINT_NUM  9
31 159.274673 58.748302 1.276115e+00 
32 162.065674 59.733082 1.690177e+00 
33 166.911789 61.059090 2.226147e+00 
34 171.384598 61.294529 2.501044e+00 
35 177.632767 62.087997 2.156509e+00 
36 184.964020 62.248749 1.847717e+00 
37 197.585464 61.916050 1.546467e+00 
38 200.416397 61.309322 1.562184e+00 
39 200.782211 59.409389 1.193260e+00 
TRACK_ID  200
POINT_NUM  7
31 86.441437 31.690153 1.367341e+00 
32 91.322166 31.921144 1.726146e+00 
33 93.870842 31.207907 1.413295e+00 
34 94.056847 31.747765 1.326351e+00 
35 94.109978 31.632198 1.980496e+00 
36 94.899277 31.176155 2.116204e+00 
37 94.599648 29.546024 1.576238e+00 
TRACK_ID  201
POINT_NUM  2
32 13.775198 0.735765 1.131768e+00 
33 13.628127 0.750404 1.097389e+00 
TRACK_ID  202
POINT_NUM  1
32 44.668186 25.942204 1.282044e+00 
TRACK_ID  203
POINT_NUM  9
32 5.483488 69.648514 3.122473e+00 
33 8.772860 71.269714 3.027363e+00 
34 14.724354 73.253113 3.058248e+00 
35 21.135162 74.777039 2.848547e+00 
36 33.979214 75.447815 2.797214e+00 
37 39.715755 75.275322 2.929621e+00 
38 39.186958 76.040855 3.024919e+00 
39 44.078594 75.122231 3.108098e+00 
40 48.923748 73.701622 2.813868e+00 
TRACK_ID  204
POINT_NUM  9
32 200.427322 53.117863 3.927897e+00 
33 196.423691 49.980206 3.806984e+00 
34 195.832809 48.390808 3.898782e+00 
35 196.304184 46.575710 4.018467e+00 
36 195.649994 45.711582 4.115224e+00 
37 192.186417 44.908817 4.028697e+00 
38 190.397949 43.634075 4.412046e+00 
39 189.207581 43.578503 4.072088e+00 
40 187.081390 43.532421 3.387230e+00 
TRACK_ID  205
POINT_NUM  2
32 202.773102 37.681618 1.491602e+00 
33 200.520325 38.753582 1.915189e+00 
TRACK_ID  206
POINT_NUM  4
32 109.971024 16.401463 1.490369e+00 
33 109.368233 16.437733 1.446440e+00 
34 107.533203 16.453598 1.433369e+00 
35 105.872734 16.023993 1.334928e+00 
TRACK_ID  207
POINT_NUM  8
33 30.239695 65.310616 4.338369e+00 
34 27.146305 64.230530 4.490908e+00 
35 25.499807 63.508804 4.691724e+00 
36 23.783974 63.274212 4.761792e+00 
37 21.619034 63.276821 4.894163e+00 
38 20.295990 63.628952 4.974304e+00 
39 18.399305 64.225967 5.058590e+00 
40 17.526054 65.022072 5.101365e+00 
TRACK_ID  208
POINT_NUM  5
33 253.130692 36.517311 1.786191e+00 
34 253.538589 37.230900 2.257556e+00 
35 253.849243 40.379684 2.338889e+00 
36 256.636108 41.122887 2.376515e+00 
37 255.490067 40.700558 1.730384e+00 
TRACK_ID  209
POINT_NUM  3
33 213.808884 6.418302 1.438166e+00 
34 211.453796 6.404276 1.391847e+00 
35 208.676682 7.586770 1.359024e+00 
TRACK_ID  210
POINT_NUM  8
33 190.532928 0.421786 1.301837e+00 
34 189.145798 0.662367 1.846883e+00 
35 188.853912 0.708594 2.437379e+00 
36 188.550873 0.754974 2.863589e+00 
37 188.306961 1.127400 3.036028e+00 
38 187.856277 1.371467 3.050406e+00 
39 187.229538 1.336887 3.056761e+00 
40 186.146835 1.127399 3.076338e+00 
TRACK_ID  211
POINT_NUM  5
34 295.547211 37.248863 2.817668e+00 
35 301.409698 39.431194 3.003652e+00 
36 307.210510 41.478367 3.307016e+00 
37 310.958527 42.319084 3.314068e+00 
38 316.631470 44.028580 2.887267e+00 
TRACK_ID  212
POINT_NUM  1
34 107.204987 72.355927 1.218788e+00 
TRACK_ID  213
POINT_NUM  6
34 62.507175 26.487228 1.119092e+00 
35 61.917057 26.394773 1.196813e+00 
36 61.029976 26.099571 1.285438e+00 
37 60.268341 25.709080 1.198060e+00 
38 59.878880 25.378157 1.152291e+00 
39 59.102554 24.369074 1.140595e+00 
TRACK_ID  214
POINT_NUM  2
34 183.098251 45.927456 3.585998e+00 
35 182.366058 46.146618 3.604809e+00 
TRACK_ID  215
POINT_NUM  6
35 312.333099 18.593344 1.286170e+00 
36 310.367920 19.078299 1.451727e+00 
37 309.234039 19.262087 1.508932e+00 
38 308.181610 19.494699 1.445497e+00 
39 307.276917 19.700975 1.409252e+00 
40 306.192078 19.523584 1.294706e+00 
TRACK_ID  216
POINT_NUM  6
35 317.349243 26.842680 1.614457e+00 
36 316.903473 27.039257 1.505933e+00 
37 317.619324 28.056656 1.409720e+00 
38 317.498749 28.525682 1.300455e+00 
39 317.538300 29.139812 1.220823e+00 
40 317.321655 29.882635 1.174454e+00 
TRACK_ID  217
POINT_NUM  5
35 9.341655 23.750399 1.215313e+00 
36 10.365774 24.395517 1.600679e+00 
37 10.736356 24.733860 1.745336e+00 
38 11.293690 25.291103 1.628594e+00 
39 12.946234 25.723087 1.385157e+00 
TRACK_ID  218
POINT_NUM  3
35 7.745030 69.218178 3.032596e+00 
36 10.340368 70.580505 2.986171e+00 
37 14.710413 72.522743 2.952038e+00 
TRACK_ID  219
POINT_NUM  4
35 47.326679 21.561920 1.163936e+00 
36 46.615154 20.501984 1.257100e+00 
37 45.328915 16.615780 1.102261e+00 
38 45.311100 15.914891 1.029058e+00 
TRACK_ID  220
POINT_NUM  6
35 82.844795 19.427120 2.215463e+00 
36 79.848976 18.923927 2.332505e+00 
37 79.449127 18.671850 1.945758e+00 
38 78.896950 18.495546 1.796387e+00 
39 78.115623 18.238993 1.951260e+00 
40 77.687111 18.068237 1.883964e+00 
TRACK_ID  221
POINT_NUM  2
35 152.041489 47.634491 2.620738e+00 
36 152.967743 49.832962 3.066706e+00 
TRACK_ID  222
POINT_NUM  2
35 143.349884 31.689159 2.372820e+00 
36 142.498077 31.323879 2.458122e+00 
TRACK_ID  223
POINT_NUM  6
35 74.972061 39.379692 1.091692e+00 
36 73.455544 38.689472 1.166693e+00 
37 73.566246 39.122864 1.206569e+00 
38 74.291161 39.657795 1.327234e+00 
39 75.213303 39.820171 1.487396e+00 
40 76.286530 40.226406 1.420760e+00 
TRACK_ID  224
POINT_NUM  5
36 340.061890 35.456219 2.872625e+00 
37 340.131561 33.758938 2.939846e+00 
38 339.396088 32.595421 2.796907e+00 
39 338.473969 31.785948 2.529580e+00 
40 337.139709 31.263844 2.197778e+00 
TRACK_ID  225
POINT_NUM  3
36 2.117192 58.829765 2.770517e+00 
37 1.302328 59.432747 3.843406e+00 
38 4.178157 62.007523 4.470300e+00 
TRACK_ID  226
POINT_NUM  2
36 105.670120 71.647095 1.729387e+00 
37 107.042747 71.041855 1.729777e+00 
TRACK_ID  227
POINT_NUM  3
36 317.925598 46.577961 2.339544e+00 
37 324.562836 47.328674 2.362231e+00 
38 321.648834 50.801044 2.702420e+00 
TRACK_ID  228
POINT_NUM  5
36 24.804096 17.124983 1.328450e+00 
37 24.822502 15.406157 1.410934e+00 
38 25.039040 14.394534 1.291452e+00 
39 25.144867 14.566113 1.273060e+00 
40 25.211309 14.847404 1.522376e+00 
TRACK_ID  229
POINT_NUM  5
36 260.558655 30.384310 1.297849e+00 
37 261.660706 29.998100 1.407347e+00 
38 263.961212 29.146852 1.338550e+00 
39 265.600159 28.964775 1.455406e+00 
40 263.670227 30.027189 1.718024e+00 
TRACK_ID  230
POINT_NUM  5
36 87.440475 31.025820 2.007016e+00 
37 86.725967 29.633781 1.802311e+00 
38 85.496376 29.264942 1.452319e+00 
39 85.427490 30.052395 1.764790e+00 
40 85.523399 30.204824 1.943960e+00 
TRACK_ID  231
POINT_NUM  1
36 102.320656 25.377602 2.216189e+00 
TRACK_ID  232
POINT_NUM  3
36 162.728928 19.781141 1.205426e+00 
37 163.106018 20.033148 1.138242e+00 
38 163.520233 20.305655 1.157281e+00 
TRACK_ID  233
POINT_NUM  4
37 355.923004 87.291138 3.416860e+00 
38 18.381706 87.255051 3.464559e+00 
39 93.442238 87.357697 3.777549e+00 
40 158.491592 87.104553 3.489593e+00 
TRACK_ID  234
POINT_NUM  4
37 241.935196 54.654602 3.774259e+00 
38 247.519638 52.593857 3.548437e+00 
39 254.034012 50.257427 3.208613e+00 
40 259.520111 47.543644 2.920172e+00 
TRACK_ID  235
POINT_NUM  4
37 210.634644 67.175179 1.387617e+00 
38 222.973267 65.485344 2.018184e+00 
39 229.424011 63.936432 3.317418e+00 
40 231.575912 63.446232 3.722448e+00 
TRACK_ID  236
POINT_NUM  4
37 160.522614 56.920883 3.460447e+00 
38 164.107925 57.431305 4.053273e+00 
39 170.071243 57.759636 4.149636e+00 
40 174.268005 57.189838 3.996958e+00 
TRACK_ID  237
POINT_NUM  4
37 114.203850 0.296605 1.402799e+00 
38 114.193939 0.283261 1.491144e+00 
39 114.209900 0.262944 1.567406e+00 
40 114.241020 0.239467 1.566584e+00 
TRACK_ID  238
POINT_NUM  2
38 299.972107 34.608746 1.848134e+00 
39 299.795868 34.728878 1.416354e+00 
TRACK_ID  239
POINT_NUM  2
38 268.686523 39.954441 1.316485e+00 
39 272.068787 39.499653 1.176038e+00 
TRACK_ID  240
POINT_NUM  3
38 231.533524 6.987012 1.188498e+00 
39 230.094986 7.335291 1.430411e+00 
40 228.499161 7.852378 1.663859e+00 
TRACK_ID  241
POINT_NUM  3
38 134.719208 62.781235 1.896311e+00 
39 137.034821 63.377930 2.734586e+00 
40 139.353531 63.656410 3.066577e+00 
TRACK_ID  242
POINT_NUM  3
38 173.637161 36.087261 1.344844e+00 
39 171.981171 37.010368 1.764619e+00 
40 169.813812 40.080971 1.747139e+00 
TRACK_ID  243
POINT_NUM  2
39 292.564117 31.326860 1.451592e+00 
40 291.992706 30.800005 1.282120e+00 
TRACK_ID  244
POINT_NUM  2
39 282.235962 29.964094 1.375795e+00 
40 281.987793 29.170479 1.119108e+00 
TRACK_ID  245
POINT_NUM  2
39 36.126961 46.877728 1.717530e+00 
40 35.802193 48.991753 1.667066e+00 
TRACK_ID  246
POINT_NUM  2
39 44.978485 62.911701 3.077106e+00 
40 47.068623 62.753830 2.778388e+00 
TRACK_ID  247
POINT_NUM  2
39 47.396679 21.608177 1.258138e+00 
40 46.817844 21.184927 1.426792e+00 
TRACK_ID  248
POINT_NUM  2
39 240.136871 42.882702 1.314133e+00 
40 242.067841 43.071609 1.855075e+00 
TRACK_ID  249
POINT_NUM  2
39 96.464966 30.758558 1.610336e+00 
40 96.910477 31.197308 1.558517e+00 
TRACK_ID  250
POINT_NUM  2
39 112.576797 42.014408 3.118261e+00 
40 114.632050 42.628979 3.798267e+00 
TRACK_ID  251
POINT_NUM  1
40 115.845573 0.323300 1.319623e+00 
TRACK_ID  252
POINT_NUM  15
16 10.284470 65.305290 3.999719e+00 
17 12.640772 65.761772 4.466590e+00 
18 12.581413 65.544655 4.534642e+00 
19 15.165025 65.560463 4.460516e+00 
20 18.551535 65.322990 4.270801e+00 
21 22.540623 64.962555 4.069683e+00 
22 36.075035 62.441284 3.895278e+00 
23 40.799461 60.103954 4.183863e+00 
24 44.090687 58.389671 4.449257e+00 
25 49.301327 56.204704 4.606698e+00 
26 52.139339 54.989182 4.468464e+00 
27 55.244831 53.434166 4.083326e+00 
28 60.595943 50.295658 3.740772e+00 
29 64.228493 48.729294 3.700262e+00 
30 67.962029 48.472198 3.311966e+00 
TRACK_ID  253
POINT_NUM  5
36 322.203979 70.432648 3.013254e+00 
37 323.146393 70.319595 3.699224e+00 
38 323.562866 70.824997 4.297239e+00 
39 322.993439 72.091125 4.694306e+00 
40 322.914795 73.674622 5.039264e+00 
TRACK_ID  254
POINT_NUM  2
24 52.769066 29.689251 1.574991e+00 
25 52.390171 29.484266 1.388194e+00 
TRACK_ID  255
POINT_NUM  6
9 208.427826 32.487633 3.006182e+00 
10 209.614471 32.603508 3.094854e+00 
11 211.833633 32.508118 2.890767e+00 
12 215.152878 32.334423 2.638071e+00 
13 215.657791 31.145433 2.440557e+00 
14 215.572845 30.295010 2.068910e+00 
TRACK_ID  256
POINT_NUM  6
13 328.347656 47.887783 3.107739e+00 
14 327.993134 53.304993 3.760794e+00 
15 330.380432 54.808208 4.557609e+00 
16 332.860718 56.370003 4.693555e+00 
17 334.979828 58.076385 4.370120e+00 
18 336.154175 60.104958 3.681684e+00 
TRACK_ID  257
POINT_NUM  1
19 304.297424 54.753456 2.839883e+00 
TRACK_ID  258
POINT_NUM  2
6 118.261101 26.049482 1.878335e+00 
7 118.425926 25.659117 1.527867e+00 
TRACK_ID  259
POINT_NUM  19
16 148.113739 63.551010 3.288966e+00 
17 150.695786 64.564850 3.518540e+00 
18 150.798737 65.792175 3.324342e+00 
19 147.450256 67.944290 2.956449e+00 
20 143.457977 70.937859 3.396514e+00 
21 141.191574 72.851501 3.672691e+00 
22 138.223206 73.949524 3.532281e+00 
23 134.332062 74.277039 3.143107e+00 
24 130.304596 73.929955 2.825020e+00 
25 128.057327 73.653130 2.622956e+00 
26 127.733437 73.586365 2.562210e+00 
27 128.082855 73.867744 2.471483e+00 
28 129.987015 74.158447 2.262165e+00 
29 135.638840 74.121727 2.308582e+00 
30 137.809875 74.075104 2.252227e+00 
31 140.938843 73.731186 2.022972e+00 
32 144.431381 73.547325 1.875255e+00 
33 146.735306 73.658463 1.552662e+00 
34 145.467331 74.053688 1.218295e+00 
TRACK_ID  260
POINT_NUM  12
6 137.716034 30.727839 2.430808e+00 
7 138.281372 31.188860 2.481186e+00 
8 140.161179 33.199982 2.661622e+00 
9 142.003311 34.286304 3.269516e+00 
10 143.865051 34.636944 3.584388e+00 
11 148.789017 36.223606 3.625207e+00 
12 152.313217 37.406330 3.933420e+00 
13 155.622162 38.843147 3.801780e+00 
14 160.428101 41.731037 3.679486e+00 
15 165.783432 44.550213 4.318432e+00 
16 169.668198 46.508018 5.695846e+00 
17 171.558609 49.079693 6.469067e+00 
TRACK_ID  261
POINT_NUM  1
11 260.985840 37.758602 2.122962e+00 
TRACK_ID  262
POINT_NUM  2
15 158.562683 34.012035 3.536644e+00 
16 163.294708 36.447346 4.460740e+00 
TRACK_ID  263
POINT_NUM  4
31 118.131523 25.017035 2.969521e+00 
32 118.426544 24.932795 2.425126e+00 
33 118.478806 24.722931 1.889554e+00 
34 118.235413 24.189087 1.206559e+00 
TRACK_ID  264
POINT_NUM  21
20 21.288469 22.848766 1.771882e+00 
21 21.842108 23.272676 1.793421e+00 
22 23.405016 24.110411 1.598221e+00 
23 22.430294 23.543810 1.750594e+00 
24 22.267557 23.259272 1.850807e+00 
25 23.682989 23.248415 1.787199e+00 
26 24.743753 23.588282 1.383787e+00 
27 23.708244 23.846066 1.441030e+00 
28 25.343201 21.215303 1.564624e+00 
29 25.556965 21.131344 1.541520e+00 
30 25.252747 22.589182 1.218378e+00 
31 25.646511 22.445305 1.362408e+00 
32 25.704937 21.584078 1.666062e+00 
33 25.113461 21.956568 1.542080e+00 
34 24.341290 25.157642 1.371662e+00 
35 25.814327 23.867653 1.603927e+00 
36 27.255224 23.718775 1.630071e+00 
37 28.444923 24.464510 1.536627e+00 
38 29.141020 25.583996 1.593583e+00 
39 30.108795 25.877033 1.715492e+00 
40 30.876287 26.656996 1.719391e+00 
TRACK_ID  265
POINT_NUM  5
19 250.565002 38.568432 2.129715e+00 
20 251.894760 38.840019 2.279220e+00 
21 253.078873 38.846066 2.674476e+00 
22 253.132843 38.759769 2.389511e+00 
23 252.692764 38.474464 1.502939e+00 
TRACK_ID  266
POINT_NUM  9
23 122.299530 36.112877 1.143341e+00 
24 123.807602 34.281090 1.243958e+00 
25 126.570328 35.129578 1.068210e+00 
26 128.647324 35.801109 1.110934e+00 
27 129.184021 35.712444 1.206822e+00 
28 130.020645 35.543747 1.478739e+00 
29 130.680878 34.493103 1.742478e+00 
30 130.308258 33.472984 1.974250e+00 
31 130.633942 30.818810 2.103302e+00 
TRACK_ID  267
POINT_NUM  15
22 166.426804 24.643671 2.178200e+00 
23 165.063126 23.801119 2.413281e+00 
24 163.525436 23.318146 2.458096e+00 
25 162.745636 22.693123 2.178063e+00 
26 160.929977 22.445642 2.079320e+00 
27 160.773453 21.470722 2.139096e+00 
28 160.417099 20.726496 2.085163e+00 
29 160.252090 19.820955 1.938090e+00 
30 160.125122 19.142477 1.826025e+00 
31 159.763687 18.836973 1.817070e+00 
32 159.191360 18.550446 1.842628e+00 
33 158.563248 18.054291 1.876310e+00 
34 158.032455 17.607306 1.793187e+00 
35 158.000290 17.088585 1.515563e+00 
36 157.912796 16.069754 1.177703e+00 
TRACK_ID  268
POINT_NUM  3
31 278.605865 36.291317 3.286641e+00 
32 281.362518 34.440163 3.834883e+00 
33 283.720306 33.696217 3.363796e+00 
TRACK_ID  269
POINT_NUM  2
37 187.166214 87.312584 3.797676e+00 
38 175.493484 87.305222 3.696911e+00 
TRACK_ID  270
POINT_NUM  12
28 305.730560 41.386562 2.146747e+00 
29 311.835510 42.154995 2.681564e+00 
30 318.141113 43.326756 3.065181e+00 
31 324.951965 44.764359 3.113146e+00 
32 331.634186 45.415295 3.076141e+00 
33 337.048004 45.753193 3.056563e+00 
34 341.659943 46.048264 3.073890e+00 
35 344.627747 44.913170 3.009147e+00 
36 347.908905 43.661350 2.832602e+00 
37 351.102051 42.399204 2.494632e+00 
38 353.884186 41.561665 2.044146e+00 
39 355.817993 39.843880 1.515513e+00 
TRACK_ID  271
POINT_NUM  9
29 95.107239 52.081703 1.639045e+00 
30 98.559250 52.315628 2.446024e+00 
31 102.744278 51.877312 2.459413e+00 
32 110.116203 51.684505 2.578749e+00 
33 113.710350 51.435230 3.158433e+00 
34 116.060600 50.819565 2.452575e+00 
35 118.884758 53.579666 1.821986e+00 
36 120.240044 54.209408 1.600416e+00 
37 118.541702 53.542622 1.542337e+00 
TRACK_ID  272
POINT_NUM  6
35 138.986221 42.967915 2.600171e+00 
36 140.399338 45.273716 3.702893e+00 
37 140.930695 46.878696 4.446449e+00 
38 140.849869 49.070965 4.611746e+00 
39 140.511902 51.054871 4.424042e+00 
40 140.005371 52.438347 4.090860e+00 
TRACK_ID  273
POINT_NUM  2
38 252.094131 36.199951 1.928257e+00 
39 252.280685 34.824028 1.770375e+00 
TRACK_ID  274
POINT_NUM  6
35 115.077072 77.491714 1.586218e+00 
36 118.438568 77.270645 1.783723e+00 
37 121.365639 77.084961 1.707200e+00 
38 120.304817 76.258263 1.586028e+00 
39 119.539452 75.401329 1.458855e+00 
40 122.205360 75.432495 1.247990e+00 
TRACK_ID  275
POINT_NUM  4
37 143.853943 34.928909 2.913367e+00 
38 144.296936 30.573320 3.395190e+00 
39 146.038086 30.828447 3.488257e+00 
40 147.890656 29.284206 3.294698e+00 
TRACK_ID  276
POINT_NUM  2
39 326.417389 48.097919 3.012731e+00 
40 331.202881 47.369690 3.373578e+00 
TRACK_ID  277
POINT_NUM  4
37 101.682587 21.672869 2.085275e+00 
38 101.059998 22.079426 2.616203e+00 
39 101.261353 21.297136 2.167414e+00 
40 103.126877 20.173098 1.557351e+00 
TRACK_ID  278
POINT_NUM  1
26 49.884144 24.135008 1.075214e+00 
TRACK_ID  279
POINT_NUM  2
18 121.226357 73.898438 2.776583e+00 
19 127.539253 73.301857 2.787790e+00 
TRACK_ID  280
POINT_NUM  12
1 337.614532 23.649548 1.669143e+00 
2 336.500031 23.696815 1.682357e+00 
3 335.259888 23.818977 1.801132e+00 
4 334.701904 23.904301 1.916204e+00 
5 334.138550 24.038107 2.077250e+00 
6 334.090027 24.152441 2.223915e+00 
7 334.399017 24.348581 2.136411e+00 
8 334.526306 24.822773 1.927265e+00 
9 334.725128 25.365427 1.836946e+00 
10 334.716705 26.247572 1.758246e+00 
11 334.973969 27.003225 1.607369e+00 
12 335.249146 27.926096 1.292530e+00 
TRACK_ID  281
POINT_NUM  1
17 271.295898 87.274147 4.289720e+00 
TRACK_ID  282
POINT_NUM  1
3 52.509716 52.418613 4.386892e+00 
TRACK_ID  283
POINT_NUM  2
2 85.430374 29.753147 1.282663e+00 
3 86.427994 31.437241 1.554430e+00 
TRACK_ID  284
POINT_NUM  13
4 353.995697 86.758400 1.226781e+00 
5 345.257935 84.187408 1.896241e+00 
6 345.103821 83.389786 2.669248e+00 
7 353.661560 83.982933 3.201238e+00 
8 4.075118 84.469337 3.663026e+00 
9 5.892754 84.674973 4.015267e+00 
10 8.731508 84.813141 3.992561e+00 
11 13.181701 84.882591 3.654604e+00 
12 16.250647 84.870033 3.258213e+00 
13 22.130848 85.038124 3.017776e+00 
14 25.196161 84.726707 2.934953e+00 
15 24.235083 83.787285 3.104620e+00 
16 23.774689 83.168007 3.197657e+00 
TRACK_ID  285
POINT_NUM  8
10 252.458771 87.244789 2.598068e+00 
11 200.718430 87.073097 3.133299e+00 
12 202.892944 87.058678 3.306858e+00 
13 224.633560 85.214363 3.151512e+00 
14 222.856339 84.861519 3.402814e+00 
15 226.395782 84.851448 3.924940e+00 
16 252.915985 87.140190 4.272389e+00 
17 4.626008 87.259560 4.308397e+00 
TRACK_ID  286
POINT_NUM  7
1 295.101227 38.748646 4.507982e+00 
2 297.473541 38.739517 4.518953e+00 
3 299.942383 38.465885 4.201968e+00 
4 304.037018 38.833305 3.875298e+00 
5 308.385315 39.131779 3.674048e+00 
6 311.256256 38.632618 3.290115e+00 
7 317.970947 40.172661 2.895326e+00 
TRACK_ID  287
POINT_NUM  7
1 34.769905 53.104065 4.728329e+00 
2 38.315132 54.346169 4.550399e+00 
3 45.062050 54.522907 4.267024e+00 
4 54.095436 52.939827 4.749193e+00 
5 56.817207 53.180859 4.777413e+00 
6 59.785904 53.246304 4.662649e+00 
7 62.166920 53.099331 4.238020e+00 
TRACK_ID  288
POINT_NUM  21
10 104.984970 35.175243 2.371248e+00 
11 107.178551 33.920506 3.481081e+00 
12 109.197540 31.494707 3.432342e+00 
13 110.469810 30.032583 3.356661e+00 
14 110.751747 29.209526 3.990196e+00 
15 112.249550 29.122280 3.337549e+00 
16 117.082008 29.468706 2.592936e+00 
17 121.162674 28.231163 2.632643e+00 
18 122.174515 25.999029 2.413931e+00 
19 122.573654 23.393021 1.908221e+00 
20 124.214699 24.703894 1.690461e+00 
21 122.076691 23.335012 1.601449e+00 
22 120.873154 24.113270 1.676478e+00 
23 120.655930 23.640066 2.076812e+00 
24 121.796112 23.807657 2.232721e+00 
25 122.701042 24.342251 2.402214e+00 
26 122.923233 24.324423 2.413271e+00 
27 123.888794 23.880461 2.505349e+00 
28 123.640427 24.120529 2.631814e+00 
29 122.205338 25.017019 2.829257e+00 
30 117.026283 25.018087 3.065735e+00 
TRACK_ID  289
POINT_NUM  16
14 84.261269 29.089359 1.192171e+00 
15 84.183548 30.684958 1.717828e+00 
16 84.507744 31.294153 1.993151e+00 
17 83.925835 30.969816 1.538006e+00 
18 81.857048 30.696802 1.380143e+00 
19 82.179665 31.058792 1.720574e+00 
20 82.420723 31.303720 1.954542e+00 
21 82.117317 31.041304 2.087512e+00 
22 82.172539 31.009888 2.339201e+00 
23 84.886879 31.509182 2.357785e+00 
24 87.627129 31.612551 2.713446e+00 
25 88.434006 30.971676 2.838193e+00 
26 86.666077 30.865454 1.994481e+00 
27 86.533241 31.155058 1.854137e+00 
28 87.317978 30.902557 1.942181e+00 
29 87.184372 29.808569 1.627790e+00 
TRACK_ID  290
POINT_NUM  8
8 310.166473 36.591511 2.630846e+00 
9 310.319244 36.845100 2.591784e+00 
10 311.593628 36.743828 2.580557e+00 
11 313.284668 36.175301 2.795233e+00 
12 314.080048 35.897915 3.103498e+00 
13 314.746460 36.240623 3.179464e+00 
14 316.159698 37.222916 3.100163e+00 
15 320.575256 38.399658 3.034627e+00 
TRACK_ID  291
POINT_NUM  2
3 119.787460 24.364779 1.768219e+00 
4 120.246613 24.532095 1.453017e+00 
TRACK_ID  292
POINT_NUM  3
23 279.762634 37.485634 3.239462e+00 
24 282.077850 36.418339 3.338844e+00 
25 285.228760 35.577881 2.969933e+00 
TRACK_ID  293
POINT_NUM  11
18 9.601359 87.164764 4.625151e+00 
19 32.779594 85.367035 4.422320e+00 
20 39.052643 84.181808 4.514747e+00 
21 36.267952 81.766190 4.807815e+00 
22 44.242268 81.172073 5.230245e+00 
23 50.715389 80.862396 5.236858e+00 
24 55.118183 80.371002 4.978065e+00 
25 56.988232 79.331772 4.563841e+00 
26 58.645664 78.021713 4.002311e+00 
27 59.601875 76.201080 3.536604e+00 
28 58.115509 74.306969 3.235375e+00 
