0.100000 0.800000
0.113446 1.000000
TRACK_No. 262
TRACK_Id. 1
POINT_No. 12
1 1 1 
2 1 1 
3 1 1 
4 2 1 
5 2 1 
6 2 1 
7 2 1 
8 2 1 
9 2 1 
10 2 1 
11 2 1 
12 2 1 
TRACK_Id. 3
POINT_No. 15
1 3 1 
2 2 1 
3 3 1 
4 4 1 
5 4 1 
6 5 2 
7 3 1 
8 3 1 
9 3 2 
10 4 2 
11 4 2 
12 3 1 
13 2 2 
14 3 2 
15 2 2 
TRACK_Id. 5
POINT_No. 25
1 3 2 
2 2 2 
3 3 3 
4 4 6 
5 4 4 
6 5 4 
7 8 1 
8 2 3 
9 2 4 
10 10 1 
11 7 4 
12 5 4 
13 4 4 
14 5 5 
15 3 4 
16 4 4 
17 3 3 
18 6 2 
19 6 3 
20 6 3 
21 1 7 
22 1 7 
23 1 6 
24 4 5 
25 4 1 
TRACK_Id. 7
POINT_No. 40
1 3 3 
2 2 3 
3 3 4 
4 6 1 
5 10 1 
6 9 1 
7 9 1 
8 8 2 
9 9 1 
10 11 1 
11 6 2 
12 4 1 
13 3 1 
14 4 1 
15 8 4 
16 3 4 
17 2 6 
18 2 8 
19 1 7 
20 1 5 
21 1 5 
22 1 5 
23 1 7 
24 4 8 
25 4 5 
26 4 3 
27 4 3 
28 3 6 
29 3 4 
30 4 5 
31 4 4 
32 3 3 
33 10 1 
34 9 1 
35 7 5 
36 7 1 
37 8 1 
38 2 4 
39 2 5 
40 7 1 
TRACK_Id. 9
POINT_No. 3
1 3 4 
2 2 4 
3 3 5 
TRACK_Id. 11
POINT_No. 16
1 4 1 
2 3 1 
3 4 1 
4 5 2 
5 5 2 
6 2 2 
7 2 2 
8 2 2 
9 2 3 
10 5 2 
11 7 3 
12 5 3 
13 4 3 
14 5 4 
15 3 3 
16 4 3 
TRACK_Id. 13
POINT_No. 2
1 4 2 
2 3 2 
TRACK_Id. 15
POINT_No. 2
1 5 1 
2 4 1 
TRACK_Id. 17
POINT_No. 20
1 6 1 
2 5 1 
3 6 1 
4 8 3 
5 8 3 
6 8 1 
7 7 1 
8 7 1 
9 8 2 
10 9 2 
11 10 2 
12 7 4 
13 6 3 
14 6 3 
15 5 3 
16 8 2 
17 7 2 
18 7 2 
19 8 1 
20 8 1 
TRACK_Id. 19
POINT_No. 10
1 7 1 
2 3 3 
3 4 2 
4 5 4 
5 5 4 
6 2 4 
7 2 4 
8 2 4 
9 2 5 
10 10 2 
TRACK_Id. 21
POINT_No. 2
1 7 2 
2 16 1 
TRACK_Id. 23
POINT_No. 7
1 8 1 
2 6 1 
3 7 1 
4 10 1 
5 11 1 
6 10 1 
7 10 2 
TRACK_Id. 25
POINT_No. 3
1 8 2 
2 6 2 
3 7 2 
TRACK_Id. 27
POINT_No. 9
1 8 3 
2 17 1 
3 16 1 
4 20 1 
5 11 2 
6 10 3 
7 10 4 
8 9 3 
9 9 6 
TRACK_Id. 29
POINT_No. 26
1 9 1 
2 7 1 
3 6 2 
4 8 2 
5 8 2 
6 8 2 
7 7 2 
8 7 2 
9 8 1 
10 9 1 
11 10 1 
12 7 2 
13 6 2 
14 6 2 
15 5 2 
16 8 1 
17 7 1 
18 7 1 
19 7 1 
20 7 1 
21 7 1 
22 6 1 
23 6 2 
24 8 2 
25 9 2 
26 10 2 
TRACK_Id. 31
POINT_No. 4
1 10 1 
2 8 1 
3 9 1 
4 12 1 
TRACK_Id. 33
POINT_No. 40
1 11 1 
2 9 3 
3 10 3 
4 13 1 
5 4 6 
6 5 6 
7 11 1 
8 10 1 
9 11 1 
10 13 1 
11 13 1 
12 11 1 
13 9 1 
14 11 1 
15 11 1 
16 9 1 
17 10 1 
18 9 1 
19 9 1 
20 9 1 
21 2 2 
22 2 3 
23 2 4 
24 10 2 
25 11 2 
26 11 1 
27 13 1 
28 10 1 
29 11 1 
30 14 1 
31 14 1 
32 14 1 
33 14 1 
34 14 1 
35 12 1 
36 13 1 
37 14 1 
38 14 1 
39 19 1 
40 21 1 
TRACK_Id. 35
POINT_No. 5
1 12 1 
2 9 1 
3 10 1 
4 4 4 
5 6 1 
TRACK_Id. 37
POINT_No. 10
1 12 2 
2 9 2 
3 10 2 
4 4 7 
5 4 5 
6 5 5 
7 3 4 
8 3 3 
9 3 4 
10 4 5 
TRACK_Id. 39
POINT_No. 4
1 12 3 
2 12 1 
3 13 1 
4 15 1 
TRACK_Id. 41
POINT_No. 14
1 12 4 
2 12 2 
3 13 2 
4 18 1 
5 17 1 
6 16 1 
7 16 1 
8 15 1 
9 17 2 
10 20 2 
11 21 1 
12 19 1 
13 16 1 
14 17 3 
TRACK_Id. 43
POINT_No. 1
1 12 5 
TRACK_Id. 45
POINT_No. 18
1 13 1 
2 9 5 
3 10 5 
4 4 3 
5 6 2 
6 6 1 
7 4 1 
8 4 1 
9 5 1 
10 6 1 
11 5 1 
12 3 3 
13 2 5 
14 3 5 
15 2 4 
16 2 2 
17 2 5 
18 2 7 
TRACK_Id. 47
POINT_No. 7
1 14 1 
2 11 1 
3 12 1 
4 4 8 
5 12 2 
6 11 2 
7 9 4 
TRACK_Id. 49
POINT_No. 8
1 15 1 
2 13 1 
3 14 1 
4 16 1 
5 14 1 
6 11 3 
7 9 5 
8 8 4 
TRACK_Id. 51
POINT_No. 16
1 16 1 
2 14 1 
3 15 1 
4 17 1 
5 16 1 
6 15 1 
7 15 1 
8 14 1 
9 16 1 
10 19 1 
11 19 1 
12 17 1 
13 14 1 
14 16 1 
15 15 1 
16 20 1 
TRACK_Id. 53
POINT_No. 26
1 17 1 
2 15 1 
3 14 2 
4 16 2 
5 14 2 
6 11 4 
7 9 6 
8 8 5 
9 9 3 
10 17 4 
11 17 5 
12 15 5 
13 12 3 
14 14 2 
15 8 3 
16 3 3 
17 2 9 
18 10 4 
19 10 5 
20 6 8 
21 1 10 
22 8 1 
23 8 1 
24 11 2 
25 13 2 
26 13 2 
TRACK_Id. 55
POINT_No. 12
1 17 2 
2 15 2 
3 14 3 
4 16 3 
5 14 4 
6 13 1 
7 13 1 
8 12 1 
9 14 1 
10 16 1 
11 16 1 
12 14 2 
TRACK_Id. 57
POINT_No. 3
1 18 1 
2 18 1 
3 17 1 
TRACK_Id. 59
POINT_No. 14
1 18 2 
2 18 2 
3 18 1 
4 16 5 
5 14 5 
6 11 6 
7 9 9 
8 8 8 
9 19 1 
10 23 1 
11 7 11 
12 15 9 
13 12 9 
14 14 8 
TRACK_Id. 61
POINT_No. 19
1 18 3 
2 18 3 
3 18 2 
4 28 1 
5 21 1 
6 17 1 
7 17 1 
8 16 1 
9 18 2 
10 17 7 
11 17 8 
12 15 6 
13 12 4 
14 14 3 
15 8 9 
16 3 13 
17 2 14 
18 10 5 
19 10 10 
TRACK_Id. 63
POINT_No. 6
1 18 4 
2 18 4 
3 18 3 
4 28 3 
5 21 3 
6 21 1 
TRACK_Id. 65
POINT_No. 4
1 19 1 
2 19 1 
3 19 1 
4 21 1 
TRACK_Id. 67
POINT_No. 6
1 20 1 
2 20 1 
3 20 1 
4 22 1 
5 11 3 
6 10 4 
TRACK_Id. 69
POINT_No. 3
1 21 1 
2 22 1 
3 21 2 
TRACK_Id. 71
POINT_No. 2
1 22 1 
2 23 1 
TRACK_Id. 73
POINT_No. 1
1 22 2 
TRACK_Id. 75
POINT_No. 8
1 22 3 
2 23 4 
3 22 2 
4 24 1 
5 14 7 
6 11 8 
7 9 10 
8 8 10 
TRACK_Id. 77
POINT_No. 2
1 22 4 
2 23 5 
TRACK_Id. 79
POINT_No. 7
1 23 1 
2 23 3 
3 23 2 
4 25 1 
5 19 1 
6 19 1 
7 18 4 
TRACK_Id. 81
POINT_No. 2
1 24 1 
2 24 1 
TRACK_Id. 83
POINT_No. 4
1 25 1 
2 25 1 
3 24 1 
4 29 1 
TRACK_Id. 85
POINT_No. 2
1 25 2 
2 25 2 
TRACK_Id. 87
POINT_No. 19
1 26 1 
2 26 1 
3 25 1 
4 30 1 
5 23 1 
6 23 1 
7 21 1 
8 19 1 
9 24 1 
10 25 1 
11 22 1 
12 23 1 
13 19 1 
14 21 1 
15 20 1 
16 19 1 
17 19 1 
18 18 1 
19 17 1 
TRACK_Id. 89
POINT_No. 3
2 9 4 
3 10 4 
4 14 1 
TRACK_Id. 91
POINT_No. 18
2 10 1 
3 11 1 
4 4 5 
5 12 1 
6 11 1 
7 9 2 
8 8 1 
9 13 1 
10 15 1 
11 15 1 
12 13 1 
13 11 1 
14 13 1 
15 13 1 
16 2 4 
17 2 3 
18 2 4 
19 1 6 
TRACK_Id. 93
POINT_No. 8
2 21 1 
3 21 1 
4 23 1 
5 18 1 
6 18 1 
7 18 2 
8 17 2 
9 20 2 
TRACK_Id. 95
POINT_No. 6
2 23 2 
3 23 1 
4 26 1 
5 20 1 
6 20 1 
7 19 1 
TRACK_Id. 97
POINT_No. 4
3 2 1 
4 3 1 
5 3 1 
6 4 1 
TRACK_Id. 99
POINT_No. 12
3 3 2 
4 4 2 
5 4 2 
6 5 1 
7 3 3 
8 3 2 
9 3 3 
10 4 4 
11 4 4 
12 12 1 
13 2 3 
14 3 3 
TRACK_Id. 101
POINT_No. 5
3 5 1 
4 7 1 
5 7 1 
6 7 1 
7 5 1 
TRACK_Id. 103
POINT_No. 2
3 8 1 
4 11 1 
TRACK_Id. 105
POINT_No. 17
3 14 4 
4 16 4 
5 14 3 
6 11 5 
7 9 8 
8 8 7 
9 9 5 
10 17 6 
11 17 7 
12 15 7 
13 12 8 
14 14 7 
15 8 8 
16 3 9 
17 2 15 
18 13 3 
19 10 7 
TRACK_Id. 107
POINT_No. 15
3 22 1 
4 24 2 
5 14 6 
6 11 7 
7 9 11 
8 8 11 
9 19 4 
10 23 4 
11 7 14 
12 15 11 
13 12 13 
14 14 10 
15 8 10 
16 17 1 
17 13 1 
TRACK_Id. 109
POINT_No. 2
3 22 3 
4 27 1 
TRACK_Id. 111
POINT_No. 10
4 1 1 
5 1 1 
6 1 1 
7 1 1 
8 1 1 
9 1 1 
10 1 1 
11 1 1 
12 1 1 
13 1 1 
TRACK_Id. 113
POINT_No. 2
4 5 1 
5 5 1 
TRACK_Id. 115
POINT_No. 4
4 5 3 
5 5 3 
6 2 3 
7 2 3 
TRACK_Id. 117
POINT_No. 2
4 8 1 
5 8 1 
TRACK_Id. 119
POINT_No. 2
4 9 1 
5 9 1 
TRACK_Id. 121
POINT_No. 13
4 19 1 
5 10 2 
6 9 2 
7 9 3 
8 8 3 
9 9 2 
10 17 1 
11 17 1 
12 15 1 
13 12 5 
14 14 4 
15 8 6 
16 3 6 
TRACK_Id. 123
POINT_No. 14
4 23 2 
5 18 2 
6 18 2 
7 18 3 
8 17 3 
9 21 1 
10 22 4 
11 7 16 
12 21 3 
13 18 4 
14 18 5 
15 18 5 
16 15 5 
17 16 3 
TRACK_Id. 125
POINT_No. 3
4 28 2 
5 21 2 
6 17 2 
TRACK_Id. 127
POINT_No. 3
5 4 3 
6 5 3 
7 3 2 
TRACK_Id. 129
POINT_No. 7
5 13 1 
6 12 1 
7 12 1 
8 11 1 
9 12 2 
10 14 2 
11 14 2 
TRACK_Id. 131
POINT_No. 16
5 15 1 
6 14 1 
7 14 1 
8 13 1 
9 15 1 
10 18 1 
11 18 1 
12 16 1 
13 13 1 
14 15 1 
15 14 1 
16 12 1 
17 12 1 
18 12 1 
19 12 1 
20 11 1 
TRACK_Id. 133
POINT_No. 5
5 22 1 
6 22 1 
7 20 1 
8 18 1 
9 23 1 
TRACK_Id. 135
POINT_No. 8
6 10 2 
7 10 3 
8 9 2 
9 10 2 
10 22 1 
11 7 7 
12 20 2 
13 17 2 
TRACK_Id. 137
POINT_No. 8
6 10 5 
7 10 5 
8 9 4 
9 10 3 
10 21 1 
11 7 6 
12 15 8 
13 12 10 
TRACK_Id. 139
POINT_No. 1
6 11 9 
TRACK_Id. 141
POINT_No. 34
7 6 1 
8 6 1 
9 7 1 
10 8 1 
11 9 1 
12 8 1 
13 7 1 
14 7 1 
15 6 1 
16 6 1 
17 5 1 
18 4 1 
19 4 1 
20 5 1 
21 5 1 
22 5 1 
23 5 1 
24 6 1 
25 7 1 
26 7 1 
27 8 1 
28 6 1 
29 6 1 
30 7 1 
31 8 1 
32 8 1 
33 7 1 
34 6 1 
35 5 1 
36 5 1 
37 6 1 
38 6 1 
39 8 1 
40 10 1 
TRACK_Id. 143
POINT_No. 1
7 7 3 
TRACK_Id. 145
POINT_No. 7
7 9 7 
8 8 6 
9 9 4 
10 17 3 
11 17 4 
12 15 4 
13 12 7 
TRACK_Id. 147
POINT_No. 12
7 10 1 
8 9 1 
9 10 1 
10 12 1 
11 11 1 
12 9 1 
13 4 5 
14 8 1 
15 10 1 
16 4 6 
17 3 5 
18 6 4 
TRACK_Id. 149
POINT_No. 3
7 18 1 
8 17 1 
9 20 1 
TRACK_Id. 151
POINT_No. 3
8 4 2 
9 4 1 
10 6 2 
TRACK_Id. 153
POINT_No. 2
8 5 1 
9 6 1 
TRACK_Id. 155
POINT_No. 2
8 8 9 
9 19 3 
TRACK_Id. 157
POINT_No. 8
8 8 12 
9 19 5 
10 23 3 
11 7 13 
12 15 10 
13 12 11 
14 14 12 
15 8 11 
TRACK_Id. 159
POINT_No. 9
8 8 13 
9 19 6 
10 23 5 
11 7 15 
12 15 12 
13 12 12 
14 14 11 
15 8 12 
16 17 2 
TRACK_Id. 161
POINT_No. 13
9 2 2 
10 5 1 
11 7 1 
12 5 1 
13 4 1 
14 5 1 
15 3 1 
16 4 1 
17 3 1 
18 3 1 
19 3 1 
20 3 1 
21 3 1 
TRACK_Id. 163
POINT_No. 3
9 3 1 
10 4 3 
11 4 3 
TRACK_Id. 165
POINT_No. 2
9 8 3 
10 9 3 
TRACK_Id. 167
POINT_No. 26
9 11 2 
10 13 2 
11 13 2 
12 11 2 
13 10 1 
14 12 1 
15 12 1 
16 11 1 
17 11 1 
18 11 1 
19 11 1 
20 10 1 
21 8 1 
22 10 1 
23 11 1 
24 13 1 
25 12 1 
26 12 1 
27 13 4 
28 10 3 
29 12 1 
30 15 2 
31 16 2 
32 17 1 
33 17 2 
34 17 2 
TRACK_Id. 169
POINT_No. 3
9 12 1 
10 14 1 
11 14 1 
TRACK_Id. 171
POINT_No. 1
9 15 2 
TRACK_Id. 173
POINT_No. 7
9 17 1 
10 20 1 
11 20 1 
12 18 1 
13 15 1 
14 17 1 
15 16 1 
TRACK_Id. 175
POINT_No. 3
9 18 1 
10 17 5 
11 17 6 
TRACK_Id. 177
POINT_No. 3
9 19 2 
10 23 2 
11 7 12 
TRACK_Id. 179
POINT_No. 9
9 21 2 
10 22 3 
11 7 10 
12 21 4 
13 18 2 
14 18 4 
15 18 4 
16 15 1 
17 16 4 
TRACK_Id. 181
POINT_No. 2
9 22 1 
10 24 1 
TRACK_Id. 183
POINT_No. 2
10 3 1 
11 3 1 
TRACK_Id. 185
POINT_No. 6
10 4 1 
11 4 1 
12 3 2 
13 2 1 
14 3 1 
15 2 1 
TRACK_Id. 187
POINT_No. 2
10 7 1 
11 6 1 
TRACK_Id. 189
POINT_No. 19
10 17 2 
11 17 2 
12 15 2 
13 12 1 
14 14 5 
15 8 5 
16 3 7 
17 2 11 
18 13 1 
19 10 3 
20 6 4 
21 1 6 
22 1 6 
23 13 1 
24 15 1 
25 4 7 
26 9 3 
27 11 3 
28 2 7 
TRACK_Id. 191
POINT_No. 25
10 22 2 
11 7 9 
12 21 2 
13 18 3 
14 18 3 
15 18 3 
16 15 2 
17 16 2 
18 15 3 
19 14 3 
20 15 2 
21 10 7 
22 14 6 
23 1 13 
24 4 14 
25 4 12 
26 9 9 
27 20 4 
28 16 6 
29 20 4 
30 26 6 
31 22 7 
32 23 6 
33 21 6 
34 26 1 
TRACK_Id. 193
POINT_No. 30
11 7 2 
12 5 2 
13 4 2 
14 5 3 
15 3 2 
16 4 2 
17 3 2 
18 3 2 
19 3 2 
20 4 2 
21 4 2 
22 4 2 
23 4 2 
24 7 1 
25 8 1 
26 8 1 
27 10 1 
28 7 1 
29 8 1 
30 10 1 
31 10 1 
32 10 1 
33 8 1 
34 7 1 
35 6 1 
36 6 1 
37 7 1 
38 8 1 
39 9 2 
40 14 1 
TRACK_Id. 195
POINT_No. 5
11 7 5 
12 20 1 
13 17 1 
14 18 1 
15 17 1 
TRACK_Id. 197
POINT_No. 3
11 7 8 
12 21 1 
13 18 1 
TRACK_Id. 199
POINT_No. 5
11 8 1 
12 7 1 
13 6 1 
14 6 1 
15 5 1 
TRACK_Id. 201
POINT_No. 2
11 12 1 
12 10 1 
TRACK_Id. 203
POINT_No. 24
11 17 3 
12 15 3 
13 12 6 
14 14 6 
15 8 7 
16 3 8 
17 2 13 
18 13 2 
19 10 4 
20 6 9 
21 1 11 
22 13 1 
23 14 1 
24 16 1 
25 16 1 
26 15 1 
27 17 1 
28 14 1 
29 16 1 
30 21 1 
31 21 1 
32 22 1 
33 20 1 
34 20 1 
TRACK_Id. 205
POINT_No. 29
12 6 1 
13 5 1 
14 5 2 
15 4 1 
16 5 1 
17 4 1 
18 3 3 
19 3 3 
20 4 1 
21 4 1 
22 4 1 
23 4 1 
24 5 1 
25 6 1 
26 6 1 
27 7 1 
28 5 1 
29 5 1 
30 6 1 
31 7 1 
32 7 1 
33 6 1 
34 5 1 
35 4 1 
36 4 2 
37 4 1 
38 4 1 
39 6 1 
40 8 1 
TRACK_Id. 207
POINT_No. 11
12 7 3 
13 8 1 
14 9 1 
15 7 1 
16 7 1 
17 6 1 
18 5 1 
19 5 1 
20 5 2 
21 6 1 
22 7 1 
TRACK_Id. 209
POINT_No. 9
12 12 2 
13 2 4 
14 3 4 
15 2 3 
16 2 3 
17 2 2 
18 2 5 
19 1 5 
20 1 4 
TRACK_Id. 211
POINT_No. 6
12 12 3 
13 2 6 
14 3 6 
15 2 5 
16 10 1 
17 9 1 
TRACK_Id. 213
POINT_No. 12
12 14 1 
13 12 2 
14 14 1 
15 8 1 
16 3 1 
17 2 7 
18 10 1 
19 10 1 
20 6 5 
21 2 4 
22 2 5 
23 9 1 
TRACK_Id. 215
POINT_No. 5
14 1 1 
15 1 1 
16 1 1 
17 1 1 
18 1 1 
TRACK_Id. 217
POINT_No. 9
14 10 1 
15 5 4 
16 8 3 
17 8 1 
18 8 1 
19 7 2 
20 7 2 
21 7 2 
22 6 2 
TRACK_Id. 219
POINT_No. 1
14 14 9 
TRACK_Id. 221
POINT_No. 6
14 17 2 
15 16 2 
16 3 11 
17 2 10 
18 10 3 
19 10 8 
TRACK_Id. 223
POINT_No. 10
14 17 4 
15 16 3 
16 3 12 
17 2 18 
18 10 7 
19 10 11 
20 6 11 
21 1 17 
22 8 5 
23 8 4 
TRACK_Id. 225
POINT_No. 3
14 18 2 
15 19 1 
16 16 1 
TRACK_Id. 227
POINT_No. 16
14 19 1 
15 18 1 
16 14 1 
17 15 1 
18 13 6 
19 10 15 
20 12 1 
21 11 1 
22 15 1 
23 16 1 
24 18 1 
25 19 1 
26 17 1 
27 21 1 
28 17 1 
29 18 1 
TRACK_Id. 229
POINT_No. 7
15 8 2 
16 3 2 
17 2 8 
18 10 2 
19 10 2 
20 6 6 
21 1 9 
TRACK_Id. 231
POINT_No. 3
15 9 1 
16 4 5 
17 3 4 
TRACK_Id. 233
POINT_No. 8
15 18 2 
16 14 2 
17 15 2 
18 13 7 
19 10 16 
20 12 2 
21 11 2 
22 15 2 
TRACK_Id. 235
POINT_No. 15
16 2 1 
17 2 1 
18 2 1 
19 1 1 
20 1 1 
21 1 1 
22 1 1 
23 1 1 
24 2 1 
25 2 1 
26 3 2 
27 3 2 
28 2 2 
29 2 1 
30 3 1 
TRACK_Id. 237
POINT_No. 2
16 3 5 
17 2 12 
TRACK_Id. 239
POINT_No. 10
16 3 10 
17 2 16 
18 13 4 
19 10 17 
20 6 15 
21 10 1 
22 14 1 
23 15 1 
24 17 1 
25 18 1 
TRACK_Id. 241
POINT_No. 4
16 13 1 
17 14 1 
18 13 5 
19 10 18 
TRACK_Id. 243
POINT_No. 6
16 15 3 
17 16 6 
18 15 2 
19 14 2 
20 15 3 
21 10 4 
TRACK_Id. 245
POINT_No. 3
16 15 4 
17 16 1 
18 15 4 
TRACK_Id. 247
POINT_No. 7
16 17 3 
17 13 2 
18 14 3 
19 10 20 
20 14 2 
21 12 2 
22 14 8 
TRACK_Id. 249
POINT_No. 14
16 20 2 
17 20 1 
18 19 1 
19 19 1 
20 17 1 
21 16 1 
22 17 1 
23 20 1 
24 23 1 
25 13 7 
26 13 8 
27 14 7 
28 12 3 
29 15 2 
TRACK_Id. 251
POINT_No. 8
17 2 4 
18 2 6 
19 2 1 
20 2 1 
21 3 2 
22 3 1 
23 3 1 
24 4 2 
TRACK_Id. 253
POINT_No. 4
17 2 17 
18 10 6 
19 10 9 
20 6 7 
TRACK_Id. 255
POINT_No. 9
17 16 5 
18 15 1 
19 14 1 
20 15 1 
21 10 3 
22 14 3 
23 18 1 
24 20 2 
25 17 2 
TRACK_Id. 257
POINT_No. 15
17 17 1 
18 13 8 
19 10 19 
20 6 16 
21 10 2 
22 14 2 
23 17 1 
24 4 13 
25 20 1 
26 19 1 
27 25 1 
28 16 4 
29 20 3 
30 26 3 
31 22 5 
TRACK_Id. 259
POINT_No. 2
17 18 1 
18 16 1 
TRACK_Id. 261
POINT_No. 4
18 2 2 
19 1 3 
20 1 3 
21 1 2 
TRACK_Id. 263
POINT_No. 2
18 2 3 
19 1 2 
TRACK_Id. 265
POINT_No. 7
18 6 1 
19 6 1 
20 6 2 
21 1 4 
22 1 3 
23 1 4 
24 4 3 
TRACK_Id. 267
POINT_No. 5
18 6 3 
19 6 2 
20 6 12 
21 1 8 
22 1 9 
TRACK_Id. 269
POINT_No. 12
18 14 1 
19 10 6 
20 6 10 
21 1 12 
22 8 2 
23 8 2 
24 11 3 
25 13 3 
26 13 4 
27 14 3 
28 3 5 
29 13 1 
TRACK_Id. 271
POINT_No. 19
18 14 2 
19 10 12 
20 14 1 
21 12 1 
22 14 7 
23 18 2 
24 21 1 
25 17 3 
26 16 2 
27 24 1 
28 22 1 
29 22 1 
30 28 1 
31 28 2 
32 29 2 
33 27 1 
34 25 1 
35 21 1 
36 21 2 
TRACK_Id. 273
POINT_No. 8
18 17 1 
19 16 1 
20 16 1 
21 14 1 
22 16 1 
23 7 1 
24 9 1 
25 10 1 
TRACK_Id. 275
POINT_No. 22
19 1 4 
20 1 2 
21 1 3 
22 1 2 
23 1 3 
24 4 7 
25 4 3 
26 4 1 
27 4 1 
28 3 2 
29 3 2 
30 4 2 
31 4 2 
32 3 2 
33 3 2 
34 2 2 
35 1 2 
36 2 3 
37 2 3 
38 2 5 
39 2 6 
40 7 2 
TRACK_Id. 277
POINT_No. 3
19 10 13 
20 14 3 
21 13 1 
TRACK_Id. 279
POINT_No. 10
19 10 14 
20 6 14 
21 1 15 
22 1 11 
23 1 10 
24 4 10 
25 4 10 
26 9 4 
27 20 1 
28 16 2 
TRACK_Id. 281
POINT_No. 3
19 13 1 
20 6 13 
21 1 14 
TRACK_Id. 283
POINT_No. 16
19 14 4 
20 13 1 
21 10 5 
22 14 4 
23 1 12 
24 19 1 
25 4 13 
26 9 7 
27 20 5 
28 18 1 
29 19 1 
30 25 1 
31 26 1 
32 27 1 
33 25 1 
34 23 1 
TRACK_Id. 285
POINT_No. 1
19 18 1 
TRACK_Id. 287
POINT_No. 6
20 6 1 
21 2 1 
22 2 1 
23 2 2 
24 3 1 
25 3 1 
TRACK_Id. 289
POINT_No. 12
21 1 13 
22 8 4 
23 8 3 
24 11 4 
25 13 4 
26 13 5 
27 14 4 
28 3 9 
29 13 4 
30 18 2 
31 17 2 
32 18 3 
TRACK_Id. 291
POINT_No. 2
21 1 16 
22 8 3 
TRACK_Id. 293
POINT_No. 7
21 2 3 
22 2 4 
23 2 3 
24 10 1 
25 11 1 
26 11 2 
27 13 2 
TRACK_Id. 295
POINT_No. 6
21 9 1 
22 11 1 
23 12 1 
24 14 1 
25 15 2 
26 14 2 
TRACK_Id. 297
POINT_No. 4
21 10 6 
22 14 5 
23 1 11 
24 4 12 
TRACK_Id. 299
POINT_No. 9
22 1 4 
23 1 5 
24 4 4 
25 4 2 
26 9 1 
27 11 1 
28 2 6 
29 7 2 
30 9 2 
TRACK_Id. 301
POINT_No. 13
22 1 8 
23 1 8 
24 4 6 
25 4 8 
26 9 2 
27 11 2 
28 8 1 
29 9 1 
30 12 1 
31 12 1 
32 13 1 
33 12 1 
34 12 1 
TRACK_Id. 303
POINT_No. 8
22 1 10 
23 1 9 
24 4 9 
25 4 9 
26 9 5 
27 19 1 
28 15 1 
29 9 3 
TRACK_Id. 305
POINT_No. 1
22 2 2 
TRACK_Id. 307
POINT_No. 9
22 9 1 
23 10 1 
24 12 1 
25 15 1 
26 14 1 
27 15 1 
28 11 1 
29 14 1 
30 17 1 
TRACK_Id. 309
POINT_No. 4
22 11 2 
23 19 1 
24 22 1 
25 21 1 
TRACK_Id. 311
POINT_No. 3
23 1 2 
24 2 2 
25 2 2 
TRACK_Id. 313
POINT_No. 3
23 2 1 
24 3 2 
25 3 2 
TRACK_Id. 315
POINT_No. 9
23 4 3 
24 7 2 
25 8 2 
26 8 2 
27 10 2 
28 7 2 
29 8 2 
30 10 2 
31 10 2 
TRACK_Id. 317
POINT_No. 3
23 6 1 
24 8 1 
25 9 1 
TRACK_Id. 319
POINT_No. 6
23 8 5 
24 11 6 
25 13 6 
26 13 7 
27 14 6 
28 12 2 
TRACK_Id. 321
POINT_No. 4
24 1 1 
25 1 1 
26 1 1 
27 1 1 
TRACK_Id. 323
POINT_No. 4
24 4 1 
25 5 1 
26 5 1 
27 5 1 
TRACK_Id. 325
POINT_No. 10
24 4 11 
25 4 11 
26 9 6 
27 20 2 
28 16 3 
29 20 2 
30 26 2 
31 22 3 
32 23 3 
33 21 5 
TRACK_Id. 327
POINT_No. 10
24 11 1 
25 13 1 
26 13 1 
27 14 1 
28 3 1 
29 3 1 
30 4 1 
31 4 1 
32 3 1 
33 3 1 
TRACK_Id. 329
POINT_No. 17
24 11 5 
25 13 5 
26 13 6 
27 14 5 
28 12 1 
29 15 1 
30 19 1 
31 20 1 
32 20 1 
33 19 1 
34 18 1 
35 16 1 
36 16 1 
37 20 1 
38 22 1 
39 23 1 
40 25 1 
TRACK_Id. 331
POINT_No. 13
24 20 1 
25 17 1 
26 16 1 
27 18 1 
28 3 8 
29 13 3 
30 18 1 
31 17 1 
32 18 1 
33 18 1 
34 16 2 
35 14 2 
36 12 3 
TRACK_Id. 333
POINT_No. 4
25 4 4 
26 4 2 
27 4 2 
28 3 3 
TRACK_Id. 335
POINT_No. 14
25 4 6 
26 4 4 
27 16 1 
28 13 1 
29 3 5 
30 4 6 
31 4 5 
32 3 4 
33 10 2 
34 9 2 
35 7 6 
36 1 9 
37 1 10 
38 7 5 
TRACK_Id. 337
POINT_No. 7
25 14 1 
26 13 3 
27 14 2 
28 3 4 
29 3 3 
30 4 4 
31 15 1 
TRACK_Id. 339
POINT_No. 2
26 2 1 
27 2 1 
TRACK_Id. 341
POINT_No. 3
26 2 2 
27 2 3 
28 9 1 
TRACK_Id. 343
POINT_No. 3
26 3 1 
27 3 1 
28 2 1 
TRACK_Id. 345
POINT_No. 2
26 3 3 
27 3 3 
TRACK_Id. 347
POINT_No. 3
26 9 8 
27 20 3 
28 16 5 
TRACK_Id. 349
POINT_No. 3
26 10 1 
27 9 1 
28 6 2 
TRACK_Id. 351
POINT_No. 5
26 11 3 
27 13 3 
28 10 2 
29 11 2 
30 15 1 
TRACK_Id. 353
POINT_No. 15
26 17 2 
27 21 2 
28 17 2 
29 18 2 
30 24 1 
31 27 1 
32 26 2 
33 24 2 
34 22 3 
35 20 3 
36 20 3 
37 24 4 
38 27 1 
39 28 4 
40 30 4 
TRACK_Id. 355
POINT_No. 8
26 18 1 
27 23 1 
28 20 1 
29 20 5 
30 26 1 
31 22 2 
32 23 2 
33 21 3 
TRACK_Id. 357
POINT_No. 13
27 2 2 
28 2 4 
29 2 3 
30 3 2 
31 3 2 
32 2 3 
33 2 2 
34 3 1 
35 2 4 
36 1 5 
37 1 5 
38 1 5 
39 3 3 
TRACK_Id. 359
POINT_No. 1
27 5 2 
TRACK_Id. 361
POINT_No. 6
27 6 1 
28 4 1 
29 4 1 
30 5 1 
31 5 1 
32 6 1 
TRACK_Id. 363
POINT_No. 7
27 18 2 
28 21 1 
29 21 1 
30 27 1 
31 28 1 
32 29 1 
33 18 4 
TRACK_Id. 365
POINT_No. 8
27 22 1 
28 19 1 
29 17 2 
30 22 1 
31 23 1 
32 24 1 
33 21 2 
34 19 2 
TRACK_Id. 367
POINT_No. 13
27 26 1 
28 16 7 
29 20 6 
30 26 5 
31 22 6 
32 23 5 
33 21 7 
34 19 4 
35 17 5 
36 17 5 
37 22 6 
38 31 1 
39 30 1 
TRACK_Id. 369
POINT_No. 7
28 1 1 
29 1 1 
30 1 1 
31 1 1 
32 1 1 
33 1 1 
34 1 1 
TRACK_Id. 371
POINT_No. 3
28 2 3 
29 2 2 
30 3 3 
TRACK_Id. 373
POINT_No. 7
28 2 5 
29 7 1 
30 9 1 
31 11 1 
32 11 1 
33 9 1 
34 8 1 
TRACK_Id. 375
POINT_No. 2
28 3 7 
29 13 2 
TRACK_Id. 377
POINT_No. 3
28 8 2 
29 9 2 
30 12 2 
TRACK_Id. 379
POINT_No. 10
28 16 1 
29 17 1 
30 23 1 
31 24 1 
32 25 1 
33 22 1 
34 21 1 
35 18 1 
36 18 1 
37 23 1 
TRACK_Id. 381
POINT_No. 13
28 23 1 
29 23 1 
30 29 1 
31 29 1 
32 30 1 
33 28 1 
34 27 1 
35 22 1 
36 22 1 
37 26 1 
38 32 1 
39 31 1 
40 32 1 
TRACK_Id. 383
POINT_No. 2
29 6 2 
30 8 1 
TRACK_Id. 385
POINT_No. 8
29 10 1 
30 10 3 
31 10 3 
32 12 1 
33 11 1 
34 11 1 
35 9 1 
36 9 1 
TRACK_Id. 387
POINT_No. 1
29 20 1 
TRACK_Id. 389
POINT_No. 4
30 2 1 
31 2 1 
32 2 1 
33 2 1 
TRACK_Id. 391
POINT_No. 4
30 4 3 
31 4 3 
32 15 1 
33 13 1 
TRACK_Id. 393
POINT_No. 11
30 16 1 
31 15 2 
32 16 1 
33 15 1 
34 15 1 
35 13 1 
36 14 1 
37 15 1 
38 15 1 
39 4 1 
40 6 1 
TRACK_Id. 395
POINT_No. 6
30 19 2 
31 20 2 
32 20 2 
33 19 2 
34 18 2 
35 16 2 
TRACK_Id. 397
POINT_No. 11
30 19 3 
31 20 3 
32 20 3 
33 19 4 
34 18 4 
35 16 4 
36 16 2 
37 20 2 
38 23 1 
39 24 1 
40 26 1 
TRACK_Id. 399
POINT_No. 3
30 20 1 
31 4 6 
32 3 5 
TRACK_Id. 401
POINT_No. 11
30 26 4 
31 22 4 
32 23 4 
33 21 4 
34 19 3 
35 17 3 
36 17 3 
37 22 4 
38 25 2 
39 26 4 
40 24 4 
TRACK_Id. 403
POINT_No. 2
31 3 1 
32 2 2 
TRACK_Id. 405
POINT_No. 10
31 6 1 
32 5 1 
33 5 1 
34 4 1 
35 2 3 
36 1 4 
37 1 4 
38 1 4 
39 3 2 
40 3 2 
TRACK_Id. 407
POINT_No. 2
31 8 2 
32 8 2 
TRACK_Id. 409
POINT_No. 2
31 9 1 
32 9 1 
TRACK_Id. 411
POINT_No. 10
31 11 2 
32 11 3 
33 9 4 
34 8 4 
35 7 4 
36 1 11 
37 1 12 
38 7 6 
39 10 5 
40 11 4 
TRACK_Id. 413
POINT_No. 7
31 12 2 
32 13 2 
33 23 1 
34 22 1 
35 20 1 
36 19 1 
37 24 1 
TRACK_Id. 415
POINT_No. 10
31 16 1 
32 19 1 
33 17 1 
34 17 1 
35 15 1 
36 15 1 
37 18 1 
38 19 1 
39 20 1 
40 18 1 
TRACK_Id. 417
POINT_No. 2
31 19 1 
32 21 1 
TRACK_Id. 419
POINT_No. 9
31 22 1 
32 23 1 
33 21 1 
34 19 1 
35 17 1 
36 17 1 
37 22 2 
38 18 2 
39 26 1 
TRACK_Id. 421
POINT_No. 7
31 25 1 
32 26 1 
33 24 1 
34 22 2 
35 20 2 
36 20 2 
37 24 3 
TRACK_Id. 423
POINT_No. 2
32 4 1 
33 4 1 
TRACK_Id. 425
POINT_No. 1
32 8 3 
TRACK_Id. 427
POINT_No. 9
32 11 2 
33 9 2 
34 8 2 
35 7 2 
36 1 10 
37 1 11 
38 7 3 
39 10 3 
40 11 3 
TRACK_Id. 429
POINT_No. 9
32 18 2 
33 18 2 
34 16 3 
35 14 3 
36 12 4 
37 19 1 
38 21 1 
39 22 1 
40 24 2 
TRACK_Id. 431
POINT_No. 2
32 18 4 
33 18 3 
TRACK_Id. 433
POINT_No. 4
32 28 1 
33 26 1 
34 24 1 
35 23 1 
TRACK_Id. 435
POINT_No. 8
33 9 3 
34 8 3 
35 7 3 
36 1 7 
37 1 7 
38 7 2 
39 10 1 
40 11 1 
TRACK_Id. 437
POINT_No. 7
33 16 1 
34 16 1 
35 14 1 
36 12 2 
37 16 1 
38 17 1 
39 17 1 
TRACK_Id. 439
POINT_No. 3
33 19 3 
34 18 3 
35 16 3 
TRACK_Id. 441
POINT_No. 8
33 29 1 
34 18 5 
35 24 1 
36 23 1 
37 28 1 
38 34 1 
39 33 1 
40 34 1 
TRACK_Id. 443
POINT_No. 5
34 2 1 
35 1 1 
36 2 1 
37 2 1 
38 2 2 
TRACK_Id. 445
POINT_No. 7
34 9 3 
35 7 7 
36 1 12 
37 21 1 
38 24 1 
39 25 1 
40 28 1 
TRACK_Id. 447
POINT_No. 6
34 13 1 
35 10 1 
36 10 1 
37 11 1 
38 11 1 
39 12 1 
TRACK_Id. 449
POINT_No. 2
34 16 4 
35 14 4 
TRACK_Id. 451
POINT_No. 6
35 2 1 
36 1 1 
37 1 1 
38 1 1 
39 1 1 
40 1 1 
TRACK_Id. 453
POINT_No. 6
35 2 2 
36 1 2 
37 1 2 
38 1 2 
39 1 2 
40 1 2 
TRACK_Id. 455
POINT_No. 5
35 3 1 
36 3 1 
37 3 1 
38 3 1 
39 5 1 
TRACK_Id. 457
POINT_No. 3
35 7 1 
36 1 8 
37 1 8 
TRACK_Id. 459
POINT_No. 4
35 8 1 
36 8 1 
37 9 1 
38 9 1 
TRACK_Id. 461
POINT_No. 6
35 11 1 
36 11 1 
37 12 1 
38 12 1 
39 13 1 
40 15 1 
TRACK_Id. 463
POINT_No. 2
35 17 2 
36 17 2 
TRACK_Id. 465
POINT_No. 6
35 17 4 
36 17 4 
37 22 5 
38 25 3 
39 26 5 
40 24 5 
TRACK_Id. 467
POINT_No. 6
35 19 1 
36 9 2 
37 10 1 
38 10 1 
39 27 1 
40 29 1 
TRACK_Id. 469
POINT_No. 5
36 1 3 
37 1 3 
38 1 3 
39 3 1 
40 3 1 
TRACK_Id. 471
POINT_No. 3
36 1 6 
37 1 6 
38 7 1 
TRACK_Id. 473
POINT_No. 2
36 1 13 
37 21 2 
TRACK_Id. 475
POINT_No. 5
36 2 2 
37 2 2 
38 2 3 
39 2 3 
40 4 1 
TRACK_Id. 477
POINT_No. 5
36 4 1 
37 5 1 
38 5 1 
39 7 1 
40 9 1 
TRACK_Id. 479
POINT_No. 5
36 12 1 
37 13 1 
38 13 1 
39 14 1 
40 16 1 
TRACK_Id. 481
POINT_No. 5
36 20 1 
37 24 2 
38 28 1 
39 28 1 
40 30 1 
TRACK_Id. 483
POINT_No. 5
36 20 4 
37 24 5 
38 27 2 
39 28 5 
40 30 5 
TRACK_Id. 485
POINT_No. 3
36 21 1 
37 25 1 
38 30 1 
TRACK_Id. 487
POINT_No. 4
37 1 9 
38 7 4 
39 10 4 
40 27 1 
TRACK_Id. 489
POINT_No. 4
37 17 1 
38 17 2 
39 16 1 
40 19 1 
TRACK_Id. 491
POINT_No. 4
37 22 1 
38 18 1 
39 16 2 
40 19 3 
TRACK_Id. 493
POINT_No. 4
37 22 3 
38 25 1 
39 26 2 
40 24 1 
TRACK_Id. 495
POINT_No. 4
37 27 1 
38 33 1 
39 32 1 
40 33 1 
TRACK_Id. 497
POINT_No. 2
38 2 1 
39 2 2 
TRACK_Id. 499
POINT_No. 2
38 16 1 
39 15 1 
TRACK_Id. 501
POINT_No. 3
38 20 1 
39 21 1 
40 22 1 
TRACK_Id. 503
POINT_No. 3
38 26 1 
39 26 3 
40 24 3 
TRACK_Id. 505
POINT_No. 3
38 29 1 
39 29 1 
40 31 1 
TRACK_Id. 507
POINT_No. 2
39 2 1 
40 2 1 
TRACK_Id. 509
POINT_No. 2
39 2 4 
40 2 2 
TRACK_Id. 511
POINT_No. 2
39 9 1 
40 12 1 
TRACK_Id. 513
POINT_No. 2
39 10 2 
40 11 2 
TRACK_Id. 515
POINT_No. 2
39 11 1 
40 13 1 
TRACK_Id. 517
POINT_No. 2
39 18 1 
40 19 2 
TRACK_Id. 519
POINT_No. 2
39 28 2 
40 30 2 
TRACK_Id. 521
POINT_No. 2
39 28 3 
40 30 3 
TRACK_Id. 523
POINT_No. 1
40 33 2 
