0.100000 0.800000
0.113446 1.000000
TRACK_No. 236
TRACK_Id. 1
POINT_No. 4
22 23 1 
23 23 1 
24 8 1 
25 21 1 
TRACK_Id. 3
POINT_No. 5
1 1 2 
2 1 2 
3 1 2 
4 2 2 
5 1 2 
TRACK_Id. 5
POINT_No. 13
1 2 1 
2 2 1 
3 2 1 
4 3 1 
5 2 1 
6 2 1 
7 1 1 
8 1 1 
9 2 1 
10 2 1 
11 2 1 
12 2 1 
13 2 1 
TRACK_Id. 7
POINT_No. 11
1 3 1 
2 3 1 
3 3 1 
4 4 1 
5 3 1 
6 3 2 
7 2 2 
8 2 2 
9 3 2 
10 3 2 
11 3 2 
TRACK_Id. 11
POINT_No. 3
1 3 3 
2 3 4 
3 4 2 
TRACK_Id. 13
POINT_No. 16
1 3 4 
2 3 7 
3 4 3 
4 5 3 
5 10 1 
6 7 3 
7 11 1 
8 12 1 
9 4 2 
10 5 2 
11 5 2 
12 6 3 
13 6 3 
14 6 3 
15 11 3 
16 4 4 
TRACK_Id. 15
POINT_No. 3
1 3 5 
2 3 8 
3 4 4 
TRACK_Id. 17
POINT_No. 6
1 3 6 
2 14 1 
3 15 1 
4 17 1 
5 5 3 
6 5 3 
TRACK_Id. 19
POINT_No. 31
1 4 1 
2 3 2 
3 3 2 
4 4 2 
5 3 2 
6 3 1 
7 2 1 
8 2 1 
9 3 1 
10 3 1 
11 3 1 
12 3 1 
13 3 1 
14 2 1 
15 2 1 
16 2 1 
17 3 1 
18 3 1 
19 3 1 
20 3 1 
21 3 1 
22 2 1 
23 2 1 
24 3 1 
25 2 3 
26 2 3 
27 3 1 
28 3 1 
29 3 1 
30 3 1 
31 2 1 
TRACK_Id. 21
POINT_No. 34
1 4 2 
2 3 5 
3 3 3 
4 4 3 
5 3 3 
6 3 3 
7 2 3 
8 2 3 
9 3 3 
10 3 3 
11 3 4 
12 3 3 
13 3 3 
14 2 3 
15 14 2 
16 13 2 
17 15 1 
18 15 1 
19 14 2 
20 15 2 
21 13 2 
22 12 2 
23 12 2 
24 13 2 
25 9 3 
26 9 3 
27 13 3 
28 13 3 
29 3 4 
30 3 4 
31 19 1 
32 16 1 
33 18 1 
34 16 1 
TRACK_Id. 23
POINT_No. 5
1 4 3 
2 3 6 
3 3 4 
4 4 4 
5 3 4 
TRACK_Id. 25
POINT_No. 3
1 4 4 
2 3 9 
3 3 5 
TRACK_Id. 27
POINT_No. 3
1 5 1 
2 4 1 
3 5 1 
TRACK_Id. 29
POINT_No. 35
1 5 2 
2 4 2 
3 5 2 
4 6 1 
5 5 2 
6 5 2 
7 5 1 
8 5 1 
9 4 1 
10 5 1 
11 5 1 
12 6 1 
13 6 1 
14 6 1 
15 11 1 
16 4 2 
17 10 2 
18 10 2 
19 12 1 
20 13 1 
21 11 1 
22 10 1 
23 9 1 
24 10 1 
25 7 1 
26 7 1 
27 11 1 
28 11 1 
29 10 1 
30 11 3 
31 11 4 
32 8 2 
33 9 2 
34 8 2 
35 8 2 
TRACK_Id. 31
POINT_No. 5
1 6 1 
2 5 1 
3 6 1 
4 7 1 
5 6 1 
TRACK_Id. 33
POINT_No. 5
1 7 1 
2 6 1 
3 7 1 
4 8 1 
5 7 1 
TRACK_Id. 35
POINT_No. 40
1 8 1 
2 7 1 
3 8 1 
4 9 1 
5 8 1 
6 6 1 
7 9 1 
8 10 1 
9 9 1 
10 7 1 
11 8 1 
12 11 1 
13 10 1 
14 10 1 
15 9 1 
16 9 1 
17 9 1 
18 9 1 
19 9 1 
20 10 1 
21 8 1 
22 7 1 
23 6 1 
24 7 1 
25 5 1 
26 5 1 
27 6 1 
28 6 1 
29 6 1 
30 7 1 
31 8 1 
32 6 1 
33 7 1 
34 7 1 
35 7 1 
36 10 1 
37 8 1 
38 8 1 
39 8 1 
40 8 1 
TRACK_Id. 37
POINT_No. 23
1 9 1 
2 8 1 
3 9 1 
4 10 1 
5 9 1 
6 7 1 
7 10 1 
8 7 2 
9 6 2 
10 6 2 
11 6 1 
12 9 1 
13 11 1 
14 11 2 
15 10 1 
16 10 2 
17 11 2 
18 11 2 
19 11 1 
20 12 1 
21 10 1 
22 9 1 
23 8 1 
TRACK_Id. 39
POINT_No. 5
1 9 2 
2 8 2 
3 9 2 
4 10 2 
5 9 2 
TRACK_Id. 41
POINT_No. 11
1 9 3 
2 8 3 
3 9 3 
4 10 3 
5 9 5 
6 7 7 
7 11 4 
8 12 2 
9 4 5 
10 5 4 
11 5 4 
TRACK_Id. 43
POINT_No. 18
1 10 1 
2 9 1 
3 10 1 
4 14 1 
5 14 1 
6 11 1 
7 14 1 
8 15 1 
9 13 1 
10 10 1 
11 11 1 
12 14 1 
13 14 1 
14 13 1 
15 12 1 
16 11 1 
17 13 1 
18 13 1 
TRACK_Id. 45
POINT_No. 6
1 11 1 
2 10 1 
3 11 1 
4 11 1 
5 11 1 
6 8 1 
TRACK_Id. 47
POINT_No. 11
1 12 1 
2 11 1 
3 12 1 
4 13 1 
5 13 1 
6 10 1 
7 13 1 
8 11 1 
9 10 1 
10 8 1 
11 9 1 
TRACK_Id. 49
POINT_No. 9
1 13 1 
2 12 1 
3 13 1 
4 15 1 
5 15 1 
6 12 1 
7 15 1 
8 17 1 
9 15 1 
TRACK_Id. 51
POINT_No. 10
1 14 1 
2 13 1 
3 14 1 
4 16 1 
5 16 1 
6 13 1 
7 16 2 
8 18 2 
9 16 2 
10 4 2 
TRACK_Id. 53
POINT_No. 14
1 15 1 
2 15 1 
3 16 1 
4 18 1 
5 18 1 
6 15 1 
7 18 1 
8 19 2 
9 17 2 
10 4 5 
11 15 1 
12 19 2 
13 19 1 
14 17 2 
TRACK_Id. 55
POINT_No. 10
1 16 1 
2 16 1 
3 17 1 
4 19 1 
5 19 1 
6 16 1 
7 19 1 
8 21 1 
9 18 1 
10 14 1 
TRACK_Id. 57
POINT_No. 7
1 17 1 
2 17 1 
3 18 1 
4 20 1 
5 20 1 
6 23 1 
7 26 1 
TRACK_Id. 59
POINT_No. 10
1 18 1 
2 18 1 
3 19 1 
4 21 1 
5 21 1 
6 17 1 
7 17 1 
8 20 1 
9 15 2 
10 12 2 
TRACK_Id. 61
POINT_No. 11
1 18 2 
2 18 2 
3 19 2 
4 21 2 
5 21 2 
6 17 4 
7 20 1 
8 22 1 
9 19 1 
10 16 1 
11 17 1 
TRACK_Id. 63
POINT_No. 3
1 19 1 
2 19 1 
3 20 1 
TRACK_Id. 65
POINT_No. 6
1 20 1 
2 20 1 
3 9 4 
4 10 4 
5 9 4 
6 7 6 
TRACK_Id. 67
POINT_No. 7
1 20 2 
2 21 2 
3 21 2 
4 22 1 
5 23 1 
6 18 1 
7 21 1 
TRACK_Id. 69
POINT_No. 3
1 20 4 
2 21 1 
3 21 1 
TRACK_Id. 71
POINT_No. 1
1 20 3 
TRACK_Id. 73
POINT_No. 24
1 21 1 
2 22 2 
3 22 2 
4 23 2 
5 25 2 
6 20 2 
7 23 1 
8 23 1 
9 21 1 
10 18 1 
11 18 1 
12 21 1 
13 21 1 
14 21 1 
15 21 1 
16 21 1 
17 23 1 
18 24 3 
19 24 3 
20 25 2 
21 19 4 
22 19 3 
23 18 2 
24 21 1 
TRACK_Id. 75
POINT_No. 2
1 22 1 
2 22 3 
TRACK_Id. 77
POINT_No. 5
1 24 1 
2 23 1 
3 23 1 
4 24 1 
5 26 1 
TRACK_Id. 79
POINT_No. 40
1 24 2 
2 23 3 
3 23 2 
4 24 2 
5 26 2 
6 21 2 
7 24 3 
8 27 2 
9 23 3 
10 20 3 
11 19 2 
12 22 2 
13 22 2 
14 22 1 
15 23 1 
16 25 1 
17 26 1 
18 25 1 
19 26 2 
20 28 2 
21 23 2 
22 22 1 
23 22 1 
24 23 1 
25 20 1 
26 22 1 
27 22 2 
28 27 1 
29 27 1 
30 27 3 
31 28 3 
32 25 4 
33 8 4 
34 26 1 
35 25 1 
36 26 1 
37 29 1 
38 29 1 
39 25 2 
40 11 3 
TRACK_Id. 81
POINT_No. 15
1 24 3 
2 23 4 
3 23 5 
4 24 5 
5 28 1 
6 22 1 
7 25 1 
8 29 1 
9 25 1 
10 21 1 
11 20 1 
12 23 1 
13 23 1 
14 23 2 
15 23 5 
TRACK_Id. 83
POINT_No. 22
1 25 1 
2 24 1 
3 24 1 
4 25 1 
5 27 1 
6 17 5 
7 20 2 
8 22 2 
9 19 2 
10 16 2 
11 17 2 
12 20 1 
13 20 1 
14 20 1 
15 19 1 
16 19 1 
17 22 1 
18 22 1 
19 22 1 
20 22 2 
21 17 2 
22 15 2 
TRACK_Id. 85
POINT_No. 2
1 26 1 
2 25 1 
TRACK_Id. 87
POINT_No. 6
2 18 3 
3 19 3 
4 21 3 
5 21 3 
6 17 2 
7 18 2 
TRACK_Id. 89
POINT_No. 2
2 22 1 
3 22 1 
TRACK_Id. 91
POINT_No. 12
2 23 2 
3 23 3 
4 24 3 
5 26 3 
6 21 3 
7 24 4 
8 27 3 
9 23 2 
10 20 2 
11 19 3 
12 22 3 
13 22 3 
TRACK_Id. 93
POINT_No. 3
3 7 2 
4 8 2 
5 7 2 
TRACK_Id. 95
POINT_No. 5
3 23 4 
4 24 4 
5 28 2 
6 22 2 
7 25 2 
TRACK_Id. 97
POINT_No. 12
3 25 1 
4 26 1 
5 22 1 
6 17 3 
7 18 4 
8 19 4 
9 17 4 
10 15 1 
11 16 1 
12 19 3 
13 19 3 
14 18 1 
TRACK_Id. 99
POINT_No. 23
4 5 1 
5 4 1 
6 4 1 
7 3 1 
8 3 1 
9 1 1 
10 1 1 
11 1 1 
12 1 1 
13 1 1 
14 1 1 
15 1 2 
16 1 2 
17 1 1 
18 1 1 
19 1 1 
20 1 1 
21 1 1 
22 1 1 
23 1 1 
24 1 1 
25 1 1 
26 1 1 
TRACK_Id. 101
POINT_No. 10
5 12 1 
6 9 1 
7 12 1 
8 14 1 
9 12 1 
10 9 1 
11 10 1 
12 13 1 
13 13 1 
14 12 1 
TRACK_Id. 103
POINT_No. 4
4 25 2 
5 27 2 
6 17 6 
7 20 3 
TRACK_Id. 105
POINT_No. 3
5 5 1 
6 5 1 
7 4 1 
TRACK_Id. 107
POINT_No. 4
5 5 4 
6 5 5 
7 5 3 
8 5 3 
TRACK_Id. 109
POINT_No. 5
5 9 3 
6 7 4 
7 11 2 
8 13 1 
9 11 1 
TRACK_Id. 111
POINT_No. 37
4 12 1 
5 12 2 
6 9 2 
7 12 2 
8 14 2 
9 13 2 
10 11 1 
11 12 1 
12 15 1 
13 14 2 
14 13 2 
15 13 1 
16 12 1 
17 12 1 
18 12 1 
19 13 1 
20 14 1 
21 12 1 
22 11 1 
23 11 1 
24 12 1 
25 8 1 
26 8 1 
27 12 1 
28 12 1 
29 12 1 
30 14 1 
31 14 1 
32 11 1 
33 12 1 
34 11 1 
35 11 1 
36 16 1 
37 13 1 
38 12 1 
39 11 1 
40 12 1 
TRACK_Id. 113
POINT_No. 26
5 17 1 
6 14 1 
7 16 1 
8 18 1 
9 16 1 
10 4 1 
11 4 1 
12 5 1 
13 5 1 
14 5 1 
15 5 1 
16 5 1 
17 5 1 
18 5 1 
19 5 1 
20 5 2 
21 5 2 
22 4 2 
23 3 2 
24 5 2 
25 3 3 
26 3 3 
27 4 2 
28 4 3 
29 4 4 
30 10 1 
TRACK_Id. 115
POINT_No. 14
5 24 1 
6 19 1 
7 22 1 
8 25 1 
9 22 1 
10 19 1 
11 11 3 
12 14 3 
13 14 3 
14 13 3 
15 22 1 
16 22 1 
17 24 1 
18 12 2 
TRACK_Id. 117
POINT_No. 23
5 28 3 
6 22 3 
7 25 3 
8 29 3 
9 25 3 
10 21 3 
11 20 3 
12 23 3 
13 23 3 
14 23 3 
15 23 4 
16 25 4 
17 26 4 
18 25 4 
19 26 5 
20 28 4 
21 23 4 
22 22 4 
23 22 4 
24 23 4 
25 20 4 
26 22 4 
27 22 6 
TRACK_Id. 119
POINT_No. 20
6 5 4 
7 5 2 
8 5 2 
9 4 3 
10 13 1 
11 13 1 
12 18 1 
13 18 1 
14 16 1 
15 17 1 
16 16 1 
17 18 1 
18 17 2 
19 16 3 
20 18 3 
21 16 3 
22 5 3 
23 4 3 
24 15 2 
25 10 2 
TRACK_Id. 121
POINT_No. 9
6 7 2 
7 10 2 
8 7 3 
9 6 3 
10 6 3 
11 6 2 
12 12 1 
13 12 1 
14 11 1 
TRACK_Id. 123
POINT_No. 2
6 7 5 
7 11 3 
TRACK_Id. 125
POINT_No. 8
6 21 1 
7 24 1 
8 30 1 
9 26 1 
10 22 1 
11 21 1 
12 24 1 
13 24 1 
TRACK_Id. 127
POINT_No. 13
7 2 4 
8 2 4 
9 3 4 
10 3 4 
11 3 5 
12 3 4 
13 3 4 
14 2 4 
15 14 3 
16 18 1 
17 20 1 
18 19 1 
19 18 1 
TRACK_Id. 129
POINT_No. 3
7 6 1 
8 6 1 
9 5 1 
TRACK_Id. 131
POINT_No. 4
7 7 1 
8 7 1 
9 6 1 
10 6 1 
TRACK_Id. 133
POINT_No. 2
7 8 1 
8 9 1 
TRACK_Id. 135
POINT_No. 28
7 18 3 
8 19 3 
9 17 3 
10 4 6 
11 15 2 
12 19 1 
13 19 2 
14 17 1 
15 18 1 
16 17 1 
17 19 1 
18 18 2 
19 17 2 
20 17 2 
21 15 3 
22 16 2 
23 16 1 
24 16 1 
25 13 1 
26 13 1 
27 15 2 
28 16 2 
29 16 1 
30 11 8 
31 18 2 
32 15 1 
33 16 1 
34 14 1 
TRACK_Id. 137
POINT_No. 2
7 21 2 
8 24 1 
TRACK_Id. 139
POINT_No. 7
7 24 2 
8 27 1 
9 23 1 
10 20 1 
11 19 1 
12 22 1 
13 22 1 
TRACK_Id. 141
POINT_No. 19
8 2 5 
9 3 5 
10 3 5 
11 3 6 
12 3 5 
13 3 5 
14 2 5 
15 14 4 
16 18 2 
17 20 2 
18 19 2 
19 19 1 
20 19 1 
21 18 1 
22 18 2 
23 17 2 
24 18 1 
25 15 1 
26 15 1 
TRACK_Id. 143
POINT_No. 2
8 8 1 
9 7 1 
TRACK_Id. 145
POINT_No. 3
8 16 1 
9 14 1 
10 12 1 
TRACK_Id. 147
POINT_No. 2
8 18 3 
9 16 3 
TRACK_Id. 149
POINT_No. 3
8 19 1 
9 17 1 
10 4 4 
TRACK_Id. 151
POINT_No. 1
8 26 1 
TRACK_Id. 153
POINT_No. 8
8 28 1 
9 24 1 
10 18 2 
11 18 2 
12 21 2 
13 21 2 
14 21 3 
15 21 3 
TRACK_Id. 155
POINT_No. 12
8 29 2 
9 25 2 
10 21 2 
11 20 2 
12 23 2 
13 23 2 
14 23 1 
15 23 3 
16 25 3 
17 26 3 
18 25 3 
19 26 3 
TRACK_Id. 157
POINT_No. 8
9 4 4 
10 5 3 
11 5 3 
12 6 4 
13 6 4 
14 19 1 
15 20 1 
16 20 1 
TRACK_Id. 159
POINT_No. 4
9 13 3 
10 10 2 
11 11 2 
12 14 2 
TRACK_Id. 161
POINT_No. 2
9 19 3 
10 16 3 
TRACK_Id. 163
POINT_No. 2
9 20 1 
10 17 1 
TRACK_Id. 165
POINT_No. 1
10 4 3 
TRACK_Id. 167
POINT_No. 11
10 16 4 
11 17 3 
12 20 3 
13 20 3 
14 20 3 
15 19 3 
16 19 3 
17 21 1 
18 20 2 
19 20 2 
20 20 2 
TRACK_Id. 169
POINT_No. 13
11 3 3 
12 3 2 
13 3 2 
14 2 2 
15 14 1 
16 13 1 
17 14 1 
18 14 1 
19 14 1 
20 15 1 
21 13 1 
22 12 1 
23 12 1 
TRACK_Id. 171
POINT_No. 2
11 4 2 
12 5 2 
TRACK_Id. 173
POINT_No. 2
11 4 3 
12 5 3 
TRACK_Id. 175
POINT_No. 6
11 4 4 
12 17 1 
13 17 1 
14 14 2 
15 15 2 
16 14 2 
TRACK_Id. 177
POINT_No. 2
11 7 1 
12 10 1 
TRACK_Id. 179
POINT_No. 22
11 14 1 
12 16 1 
13 15 1 
14 14 1 
15 15 1 
16 14 1 
17 17 1 
18 6 1 
19 6 1 
20 6 1 
21 6 1 
22 5 1 
23 4 1 
24 4 1 
25 3 2 
26 3 2 
27 4 1 
28 4 2 
29 4 3 
30 5 2 
31 5 2 
32 3 6 
TRACK_Id. 181
POINT_No. 2
11 22 1 
12 25 1 
TRACK_Id. 183
POINT_No. 4
12 6 2 
13 6 2 
14 6 2 
15 11 2 
TRACK_Id. 185
POINT_No. 6
12 7 1 
13 7 1 
14 7 1 
15 6 1 
16 6 1 
17 6 1 
TRACK_Id. 187
POINT_No. 6
12 8 1 
13 8 1 
14 8 1 
15 7 1 
16 7 1 
17 7 1 
TRACK_Id. 189
POINT_No. 11
12 16 2 
13 16 1 
14 15 1 
15 16 1 
16 15 1 
17 16 1 
18 16 1 
19 15 1 
20 16 1 
21 14 1 
22 17 1 
TRACK_Id. 191
POINT_No. 2
12 20 2 
13 20 2 
TRACK_Id. 193
POINT_No. 11
13 9 1 
14 9 1 
15 8 1 
16 8 1 
17 8 1 
18 8 1 
19 8 1 
20 9 1 
21 7 2 
22 6 1 
23 5 1 
TRACK_Id. 195
POINT_No. 27
14 3 1 
15 3 1 
16 3 1 
17 4 1 
18 4 1 
19 4 1 
20 4 1 
21 4 1 
22 3 1 
23 2 2 
24 3 2 
25 2 2 
26 2 2 
27 2 2 
28 2 1 
29 2 1 
30 2 1 
31 3 1 
32 3 1 
33 3 1 
34 2 1 
35 2 1 
36 2 1 
37 2 1 
38 2 1 
39 3 1 
40 3 1 
TRACK_Id. 197
POINT_No. 6
14 13 4 
15 22 2 
16 24 1 
17 25 1 
18 24 4 
19 24 5 
TRACK_Id. 199
POINT_No. 6
14 20 2 
15 19 2 
16 19 2 
17 22 2 
18 22 2 
19 22 2 
TRACK_Id. 201
POINT_No. 9
14 20 4 
15 19 4 
16 19 4 
17 21 2 
18 20 1 
19 20 1 
20 20 3 
21 19 5 
22 19 4 
TRACK_Id. 203
POINT_No. 2
14 21 2 
15 21 2 
TRACK_Id. 205
POINT_No. 3
15 1 1 
16 1 1 
17 2 1 
TRACK_Id. 207
POINT_No. 24
15 4 1 
16 4 1 
17 10 1 
18 10 1 
19 10 1 
20 11 1 
21 9 1 
22 8 1 
23 7 1 
24 9 1 
25 6 1 
26 6 1 
27 9 1 
28 9 2 
29 8 1 
30 9 1 
31 10 1 
32 8 1 
33 9 1 
34 8 1 
35 8 1 
36 12 1 
37 9 3 
38 9 3 
TRACK_Id. 209
POINT_No. 2
15 12 2 
16 11 2 
TRACK_Id. 211
POINT_No. 4
15 23 2 
16 25 2 
17 26 2 
18 25 2 
TRACK_Id. 213
POINT_No. 11
16 4 3 
17 10 3 
18 23 1 
19 23 1 
20 23 1 
21 20 1 
22 20 1 
23 19 1 
24 20 1 
25 17 1 
26 18 1 
TRACK_Id. 215
POINT_No. 7
16 4 5 
17 10 4 
18 23 2 
19 23 2 
20 24 1 
21 21 1 
22 20 2 
TRACK_Id. 217
POINT_No. 2
16 10 1 
17 11 1 
TRACK_Id. 219
POINT_No. 25
16 21 2 
17 23 2 
18 24 1 
19 24 1 
20 25 1 
21 19 2 
22 19 2 
23 20 1 
24 19 2 
25 16 2 
26 17 1 
27 18 1 
28 20 1 
29 17 1 
30 11 2 
31 11 2 
32 14 2 
33 15 1 
34 13 1 
35 13 1 
36 19 1 
37 16 1 
38 14 2 
39 13 2 
40 15 2 
TRACK_Id. 221
POINT_No. 3
17 27 1 
18 26 1 
19 27 3 
TRACK_Id. 223
POINT_No. 4
18 2 1 
19 2 1 
20 2 1 
21 2 1 
TRACK_Id. 225
POINT_No. 3
18 7 1 
19 7 1 
20 8 1 
TRACK_Id. 227
POINT_No. 5
18 17 1 
19 16 1 
20 18 2 
21 16 2 
22 14 1 
TRACK_Id. 229
POINT_No. 23
18 18 1 
19 17 1 
20 17 1 
21 15 1 
22 13 1 
23 13 1 
24 14 1 
25 10 1 
26 10 1 
27 4 3 
28 4 1 
29 4 1 
30 4 1 
31 4 1 
32 3 5 
33 3 3 
34 2 3 
35 2 2 
36 4 1 
37 4 1 
38 6 1 
39 9 1 
40 9 1 
TRACK_Id. 231
POINT_No. 2
18 20 3 
19 20 3 
TRACK_Id. 233
POINT_No. 3
18 21 1 
19 21 1 
20 21 1 
TRACK_Id. 235
POINT_No. 4
18 24 2 
19 24 2 
20 25 3 
21 19 3 
TRACK_Id. 237
POINT_No. 19
19 11 2 
20 12 2 
21 10 2 
22 9 2 
23 8 2 
24 9 3 
25 6 3 
26 6 3 
27 10 1 
28 10 1 
29 9 1 
30 13 1 
31 13 1 
32 10 1 
33 11 1 
34 10 1 
35 10 1 
36 14 1 
37 12 1 
TRACK_Id. 239
POINT_No. 3
19 16 2 
20 18 1 
21 16 1 
TRACK_Id. 241
POINT_No. 4
19 24 4 
20 25 4 
21 19 6 
22 19 5 
TRACK_Id. 243
POINT_No. 9
19 24 6 
20 27 1 
21 22 1 
22 21 1 
23 21 1 
24 22 1 
25 19 1 
26 21 1 
27 17 3 
TRACK_Id. 245
POINT_No. 9
19 26 1 
20 28 1 
21 23 1 
22 22 3 
23 22 3 
24 23 3 
25 20 3 
26 22 3 
27 22 1 
TRACK_Id. 247
POINT_No. 8
19 26 4 
20 28 3 
21 23 3 
22 22 2 
23 22 2 
24 23 2 
25 20 2 
26 22 2 
TRACK_Id. 249
POINT_No. 5
19 27 1 
20 29 1 
21 24 1 
22 23 2 
23 23 2 
TRACK_Id. 251
POINT_No. 1
19 27 2 
TRACK_Id. 253
POINT_No. 1
19 27 4 
TRACK_Id. 255
POINT_No. 21
20 5 1 
21 5 1 
22 4 1 
23 3 1 
24 5 1 
25 3 1 
26 3 1 
27 8 1 
28 8 1 
29 7 1 
30 8 1 
31 6 1 
32 4 1 
33 6 1 
34 5 1 
35 5 1 
36 7 1 
37 9 2 
38 9 2 
39 6 2 
40 6 1 
TRACK_Id. 257
POINT_No. 2
20 7 1 
21 7 1 
TRACK_Id. 259
POINT_No. 15
20 20 1 
21 19 1 
22 19 1 
23 18 1 
24 19 1 
25 16 1 
26 17 2 
27 18 2 
28 20 2 
29 17 2 
30 11 1 
31 11 1 
32 14 1 
33 17 1 
34 15 1 
TRACK_Id. 261
POINT_No. 13
20 22 1 
21 17 1 
22 15 1 
23 14 1 
24 15 3 
25 12 1 
26 12 1 
27 14 1 
28 15 1 
29 15 1 
30 17 1 
31 16 2 
32 13 2 
TRACK_Id. 263
POINT_No. 3
21 15 2 
22 16 1 
23 15 1 
TRACK_Id. 265
POINT_No. 12
21 19 7 
22 19 6 
23 18 3 
24 21 2 
25 18 1 
26 19 1 
27 19 1 
28 21 1 
29 17 4 
30 11 5 
31 11 3 
32 14 3 
TRACK_Id. 267
POINT_No. 4
21 25 1 
22 24 1 
23 24 1 
24 8 2 
TRACK_Id. 269
POINT_No. 3
22 5 2 
23 4 2 
24 15 1 
TRACK_Id. 271
POINT_No. 11
22 18 1 
23 17 1 
24 17 1 
25 14 1 
26 14 1 
27 16 1 
28 17 1 
29 18 1 
30 3 5 
31 20 1 
32 17 1 
TRACK_Id. 277
POINT_No. 2
22 25 1 
23 25 1 
TRACK_Id. 279
POINT_No. 2
23 5 2 
24 6 1 
TRACK_Id. 281
POINT_No. 2
23 10 1 
24 11 1 
TRACK_Id. 283
POINT_No. 4
23 19 2 
24 20 2 
25 17 2 
26 18 2 
TRACK_Id. 285
POINT_No. 12
23 22 5 
24 23 5 
25 20 5 
26 22 5 
27 22 4 
28 25 2 
29 24 3 
30 24 3 
31 26 3 
32 24 4 
33 24 4 
34 23 2 
TRACK_Id. 287
POINT_No. 4
24 2 1 
25 2 1 
26 2 1 
27 2 1 
TRACK_Id. 289
POINT_No. 7
24 13 1 
25 9 2 
26 9 2 
27 13 2 
28 13 2 
29 3 3 
30 3 3 
TRACK_Id. 291
POINT_No. 2
24 15 4 
25 12 2 
TRACK_Id. 293
POINT_No. 2
24 19 3 
25 16 3 
TRACK_Id. 295
POINT_No. 2
24 20 3 
25 17 3 
TRACK_Id. 297
POINT_No. 1
25 3 4 
TRACK_Id. 299
POINT_No. 3
25 4 1 
26 4 2 
27 5 2 
TRACK_Id. 301
POINT_No. 16
25 9 1 
26 9 1 
27 13 1 
28 13 1 
29 3 2 
30 3 2 
31 2 2 
32 3 9 
33 4 3 
34 3 2 
35 3 3 
36 3 3 
37 3 3 
38 3 3 
39 2 4 
40 2 3 
TRACK_Id. 303
POINT_No. 2
25 11 1 
26 11 1 
TRACK_Id. 305
POINT_No. 9
25 21 2 
26 23 1 
27 7 1 
28 7 1 
29 26 1 
30 26 1 
31 9 1 
32 7 1 
33 8 1 
TRACK_Id. 307
POINT_No. 2
26 4 1 
27 5 1 
TRACK_Id. 309
POINT_No. 2
26 20 2 
27 20 2 
TRACK_Id. 311
POINT_No. 2
26 24 1 
27 22 5 
TRACK_Id. 313
POINT_No. 2
27 5 3 
28 5 1 
TRACK_Id. 315
POINT_No. 14
27 15 1 
28 16 1 
29 14 1 
30 16 1 
31 16 1 
32 13 1 
33 14 1 
34 4 1 
35 4 1 
36 5 1 
37 5 1 
38 5 1 
39 4 1 
40 4 1 
TRACK_Id. 317
POINT_No. 7
27 17 1 
28 23 1 
29 22 1 
30 20 1 
31 23 1 
32 20 1 
33 15 2 
TRACK_Id. 319
POINT_No. 2
27 21 1 
28 24 1 
TRACK_Id. 321
POINT_No. 14
27 22 3 
28 25 4 
29 24 5 
30 24 5 
31 26 5 
32 24 5 
33 24 5 
34 27 1 
35 25 2 
36 25 3 
37 26 3 
38 27 3 
39 25 3 
40 11 4 
TRACK_Id. 323
POINT_No. 6
28 1 1 
29 1 1 
30 1 1 
31 1 1 
32 1 1 
33 1 1 
TRACK_Id. 325
POINT_No. 7
28 14 1 
29 13 1 
30 15 1 
31 15 1 
32 12 1 
33 13 1 
34 12 1 
TRACK_Id. 327
POINT_No. 13
28 19 1 
29 4 5 
30 10 2 
31 22 1 
32 19 1 
33 20 1 
34 18 1 
35 16 1 
36 22 1 
37 20 1 
38 19 1 
39 18 1 
40 20 1 
TRACK_Id. 329
POINT_No. 3
28 20 3 
29 17 3 
30 19 1 
TRACK_Id. 331
POINT_No. 13
28 24 2 
29 23 1 
30 23 1 
31 25 1 
32 23 1 
33 23 2 
34 22 2 
35 21 3 
36 24 3 
37 25 1 
38 26 1 
39 24 1 
40 24 1 
TRACK_Id. 333
POINT_No. 9
28 25 1 
29 24 2 
30 24 2 
31 26 2 
32 24 2 
33 24 2 
34 23 4 
35 22 3 
36 25 4 
TRACK_Id. 335
POINT_No. 13
28 25 3 
29 24 4 
30 24 4 
31 26 4 
32 24 3 
33 24 3 
34 23 5 
35 22 4 
36 25 5 
37 26 4 
38 27 4 
39 25 4 
40 11 6 
TRACK_Id. 337
POINT_No. 4
28 26 1 
29 25 1 
30 25 1 
31 27 1 
TRACK_Id. 339
POINT_No. 3
29 4 2 
30 5 1 
31 5 1 
TRACK_Id. 341
POINT_No. 2
29 5 1 
30 6 1 
TRACK_Id. 343
POINT_No. 3
29 10 2 
30 11 4 
31 11 5 
TRACK_Id. 345
POINT_No. 2
29 10 4 
30 11 7 
TRACK_Id. 347
POINT_No. 10
29 11 1 
30 12 1 
31 12 1 
32 9 1 
33 10 1 
34 9 1 
35 9 1 
36 13 1 
37 11 1 
38 10 1 
TRACK_Id. 349
POINT_No. 5
29 17 5 
30 11 10 
31 11 7 
32 14 7 
33 21 4 
TRACK_Id. 351
POINT_No. 7
29 19 1 
30 18 1 
31 21 1 
32 18 1 
33 19 2 
34 17 2 
35 15 2 
TRACK_Id. 353
POINT_No. 10
29 24 1 
30 24 1 
31 26 1 
32 24 1 
33 24 1 
34 23 1 
35 22 1 
36 25 1 
37 26 1 
38 27 1 
TRACK_Id. 355
POINT_No. 9
30 11 9 
31 18 1 
32 15 2 
33 16 2 
34 14 2 
35 14 1 
36 20 2 
37 17 2 
38 15 1 
TRACK_Id. 357
POINT_No. 2
30 17 2 
31 17 1 
TRACK_Id. 359
POINT_No. 3
30 18 2 
31 21 2 
32 18 2 
TRACK_Id. 361
POINT_No. 8
30 21 1 
31 24 1 
32 21 1 
33 22 1 
34 19 4 
35 17 3 
36 23 4 
37 21 3 
TRACK_Id. 363
POINT_No. 3
30 22 2 
31 24 3 
32 22 1 
TRACK_Id. 365
POINT_No. 11
30 27 1 
31 28 1 
32 25 2 
33 8 2 
34 24 1 
35 23 3 
36 11 2 
37 27 1 
38 28 2 
39 26 1 
40 25 1 
TRACK_Id. 367
POINT_No. 4
30 27 2 
31 28 2 
32 25 3 
33 8 3 
TRACK_Id. 369
POINT_No. 4
31 7 1 
32 5 1 
33 5 1 
34 6 1 
TRACK_Id. 371
POINT_No. 2
31 23 2 
32 20 2 
TRACK_Id. 373
POINT_No. 5
32 2 1 
33 2 1 
34 1 1 
35 1 1 
36 1 1 
TRACK_Id. 375
POINT_No. 2
32 3 2 
33 4 1 
TRACK_Id. 377
POINT_No. 6
32 3 3 
33 4 2 
34 3 1 
35 3 2 
36 3 2 
37 3 2 
TRACK_Id. 379
POINT_No. 3
32 3 4 
33 3 2 
34 2 2 
TRACK_Id. 381
POINT_No. 3
32 3 7 
33 3 5 
34 2 6 
TRACK_Id. 383
POINT_No. 9
32 3 8 
33 3 6 
34 2 5 
35 2 3 
36 4 2 
37 10 1 
38 18 1 
39 17 1 
40 19 1 
TRACK_Id. 385
POINT_No. 8
32 14 4 
33 21 3 
34 19 3 
35 18 1 
36 23 1 
37 22 1 
38 22 1 
39 21 1 
TRACK_Id. 387
POINT_No. 1
32 14 6 
TRACK_Id. 389
POINT_No. 1
36 11 3 
TRACK_Id. 391
POINT_No. 9
32 26 1 
33 25 1 
34 25 1 
35 24 1 
36 15 1 
37 28 1 
38 11 1 
39 10 1 
40 11 1 
TRACK_Id. 393
POINT_No. 8
33 2 2 
34 1 2 
35 1 2 
36 1 2 
37 1 1 
38 1 1 
39 1 1 
40 1 1 
TRACK_Id. 395
POINT_No. 7
33 3 4 
34 2 4 
35 5 2 
36 7 2 
37 9 1 
38 9 1 
39 6 1 
TRACK_Id. 397
POINT_No. 8
33 16 3 
34 14 3 
35 14 2 
36 20 3 
37 17 3 
38 15 2 
39 14 1 
40 16 1 
TRACK_Id. 399
POINT_No. 8
33 19 1 
34 17 1 
35 15 1 
36 21 1 
37 19 1 
38 17 1 
39 16 1 
40 18 1 
TRACK_Id. 401
POINT_No. 4
33 23 1 
34 22 1 
35 21 2 
36 24 2 
TRACK_Id. 403
POINT_No. 7
34 20 1 
35 19 1 
36 14 2 
37 12 2 
38 24 1 
39 23 1 
40 23 1 
TRACK_Id. 405
POINT_No. 2
34 21 1 
35 20 1 
TRACK_Id. 407
POINT_No. 7
34 23 3 
35 22 2 
36 25 2 
37 26 2 
38 27 2 
39 25 6 
40 11 5 
TRACK_Id. 409
POINT_No. 6
35 3 1 
36 3 1 
37 3 1 
38 3 1 
39 2 1 
40 2 1 
TRACK_Id. 411
POINT_No. 3
35 6 1 
36 8 1 
37 7 1 
TRACK_Id. 413
POINT_No. 6
35 12 1 
36 18 1 
37 15 1 
38 13 1 
39 12 1 
40 14 1 
TRACK_Id. 415
POINT_No. 2
35 21 1 
36 24 1 
TRACK_Id. 417
POINT_No. 2
35 23 1 
36 11 1 
TRACK_Id. 419
POINT_No. 1
35 23 2 
TRACK_Id. 421
POINT_No. 5
36 6 1 
37 6 1 
38 7 1 
39 5 1 
40 5 1 
TRACK_Id. 423
POINT_No. 2
36 17 1 
37 14 1 
TRACK_Id. 425
POINT_No. 1
36 19 2 
TRACK_Id. 427
POINT_No. 2
36 20 1 
37 17 1 
TRACK_Id. 429
POINT_No. 3
37 5 2 
38 5 2 
39 4 2 
TRACK_Id. 431
POINT_No. 4
37 24 1 
38 25 1 
39 15 2 
40 17 2 
TRACK_Id. 433
POINT_No. 2
38 3 2 
39 2 3 
TRACK_Id. 435
POINT_No. 3
38 9 4 
39 6 4 
40 10 1 
TRACK_Id. 437
POINT_No. 3
38 14 1 
39 13 1 
40 15 1 
TRACK_Id. 439
POINT_No. 1
38 28 1 
TRACK_Id. 441
POINT_No. 2
39 2 2 
40 2 2 
TRACK_Id. 443
POINT_No. 2
39 7 1 
40 7 1 
TRACK_Id. 445
POINT_No. 2
39 25 1 
40 11 2 
TRACK_Id. 447
POINT_No. 2
39 25 5 
40 11 7 
TRACK_Id. 449
POINT_No. 5
24 9 2 
25 6 2 
26 6 2 
27 9 2 
28 9 1 
TRACK_Id. 451
POINT_No. 5
4 23 1 
5 25 1 
6 20 1 
7 22 2 
8 25 2 
TRACK_Id. 453
POINT_No. 1
19 25 1 
TRACK_Id. 455
POINT_No. 8
22 19 7 
23 18 4 
24 19 4 
25 16 4 
26 16 1 
27 17 2 
28 18 1 
29 19 2 
TRACK_Id. 457
POINT_No. 2
39 6 3 
40 6 2 
TRACK_Id. 459
POINT_No. 14
27 11 2 
28 11 2 
29 10 3 
30 11 6 
31 11 6 
32 14 5 
33 21 1 
34 19 2 
35 17 1 
36 23 3 
37 21 1 
38 20 1 
39 19 1 
40 21 1 
TRACK_Id. 461
POINT_No. 1
18 11 1 
TRACK_Id. 463
POINT_No. 13
28 22 2 
29 21 1 
30 22 1 
31 24 2 
32 21 2 
33 22 2 
34 19 5 
35 17 4 
36 23 5 
37 23 1 
38 23 1 
39 22 1 
40 22 1 
TRACK_Id. 465
POINT_No. 8
33 21 2 
34 19 1 
35 17 2 
36 23 2 
37 21 2 
38 21 1 
39 20 1 
40 15 3 
TRACK_Id. 469
POINT_No. 4
37 18 1 
38 16 1 
39 15 1 
40 17 1 
TRACK_Id. 471
POINT_No. 8
20 26 1 
21 12 2 
22 11 2 
23 11 2 
24 12 2 
25 8 2 
26 20 1 
27 20 1 
TRACK_Id. 473
POINT_No. 2
28 22 1 
29 20 1 
TRACK_Id. 475
POINT_No. 6
1 1 1 
2 1 1 
3 1 1 
4 2 1 
5 1 1 
6 1 1 
TRACK_Id. 477
POINT_No. 1
32 25 1 
TRACK_Id. 485
POINT_No. 15
1 3 2 
2 3 3 
3 4 1 
4 5 2 
5 4 2 
6 4 2 
7 3 2 
8 3 2 
9 1 2 
10 1 2 
11 1 2 
12 4 1 
13 4 1 
14 4 1 
15 4 2 
